1	0.201003	0.201003	0
2	0.198501	0.199752	0.000884837
3	0.197556	0.19902	0.000839801
4	0.194744	0.197951	0.00111977
5	0.198739	0.198108	0.000906851
6	0.200481	0.198504	0.000837494
7	0.198909	0.198562	0.000719853
8	0.197948	0.198485	0.000633941
9	0.206938	0.199424	0.00104955
10	0.194655	0.198947	0.00104735
11	0.203661	0.199376	0.00103609
12	0.207194	0.200027	0.00113628
13	0.198199	0.199887	0.00105754
14	0.199722	0.199875	0.000982068
15	0.195694	0.199596	0.00095533
16	0.201988	0.199746	0.000907245
17	0.203226	0.199951	0.000876668
18	0.201783	0.200052	0.000833853
19	0.199404	0.200018	0.000790663
20	0.201743	0.200104	0.000755819
1	0.200896	0.200896	0
2	0.203651	0.202274	0.000974273
3	0.205298	0.203282	0.00104859
4	0.198746	0.202148	0.00125817
5	0.20008	0.201734	0.00107238
6	0.204152	0.202137	0.000966375
7	0.201943	0.202109	0.00082872
8	0.203355	0.202265	0.000739617
9	0.202724	0.202316	0.000659192
10	0.201974	0.202282	0.000594161
11	0.200774	0.202145	0.000555724
12	0.204461	0.202338	0.000541899
13	0.202813	0.202374	0.000501447
14	0.206217	0.202649	0.000535519
15	0.204522	0.202774	0.000514179
16	0.201065	0.202667	0.000493009
17	0.20012	0.202517	0.000486236
18	0.198631	0.202301	0.000504891
19	0.206692	0.202532	0.000528556
20	0.203736	0.202592	0.000505541
1	0.205095	0.205095	0
2	0.203979	0.204537	0.000394776
3	0.201455	0.20351	0.000879269
4	0.204371	0.203725	0.000685319
5	0.2045	0.20388	0.000565534
6	0.209076	0.204746	0.000920419
7	0.204	0.204639	0.00079508
8	0.195361	0.20348	0.0012888
9	0.205311	0.203683	0.00116156
10	0.201901	0.203505	0.00105899
11	0.207279	0.203848	0.00101679
12	0.206096	0.204035	0.000949146
13	0.201263	0.203822	0.000899778
14	0.201568	0.203661	0.000849786
15	0.209285	0.204036	0.00087192
16	0.203806	0.204022	0.000817544
17	0.203862	0.204012	0.000769507
18	0.203607	0.20399	0.000727085
19	0.192814	0.203402	0.00089568
20	0.201806	0.203322	0.00085444
1	0.207319	0.207319	0
2	0.20969	0.208504	0.000838252
3	0.205435	0.207481	0.00100507
4	0.206796	0.20731	0.000768261
5	0.20711	0.20727	0.000615651
6	0.204912	0.206877	0.000626001
7	0.204735	0.206571	0.000606749
8	0.204647	0.20633	0.000576605
9	0.206076	0.206302	0.000513229
10	0.203286	0.206	0.000543341
11	0.20537	0.205943	0.000496957
12	0.211138	0.206376	0.000615885
13	0.20554	0.206312	0.000571858
14	0.203611	0.206119	0.000562618
15	0.206797	0.206164	0.000526923
16	0.205952	0.206151	0.000494157
17	0.207789	0.206247	0.000474393
18	0.203755	0.206109	0.000467808
19	0.204476	0.206023	0.000451008
20	0.204983	0.205971	0.000431441
1	0.209787	0.209787	0
2	0.208089	0.208938	0.000600289
3	0.208457	0.208777	0.000421056
4	0.208025	0.208589	0.000355355
5	0.206377	0.208147	0.000487253
6	0.211441	0.208696	0.000645088
7	0.209916	0.20887	0.000575985
8	0.206933	0.208628	0.000552543
9	0.20543	0.208273	0.000594543
10	0.213314	0.208777	0.000717658
11	0.208764	0.208776	0.000652417
12	0.21219	0.20906	0.000657155
13	0.207774	0.208961	0.00061401
14	0.21703	0.209537	0.000795934
15	0.211871	0.209693	0.000757927
16	0.208897	0.209643	0.000712187
17	0.209493	0.209635	0.000670349
18	0.205914	0.209428	0.000664203
19	0.209401	0.209426	0.000629246
20	0.20606	0.209258	0.000619885
1	0.210097	0.210097	0
2	0.204935	0.207516	0.00182513
3	0.211065	0.208699	0.0015536
4	0.212049	0.209537	0.00137255
5	0.20468	0.208565	0.00140019
6	0.21314	0.209328	0.00135865
7	0.213326	0.209899	0.00127899
8	0.213033	0.210291	0.0011776
9	0.211641	0.210441	0.00105627
10	0.210932	0.21049	0.000951786
11	0.211791	0.210608	0.000872579
12	0.210063	0.210563	0.000801045
13	0.214433	0.21086	0.00079283
14	0.210614	0.210843	0.000736395
15	0.211687	0.210899	0.00068945
16	0.209576	0.210816	0.000651298
17	0.211679	0.210867	0.000614962
18	0.216597	0.211185	0.000658041
19	0.208559	0.211047	0.000637758
20	0.210332	0.211011	0.000606872
1	0.211493	0.211493	0
2	0.221362	0.216427	0.0034893
3	0.218932	0.217262	0.00242405
4	0.214633	0.216605	0.00190508
5	0.214099	0.216104	0.00158861
6	0.217245	0.216294	0.00133518
7	0.214241	0.216001	0.0011762
8	0.214714	0.21584	0.00104012
9	0.222256	0.216553	0.00114305
10	0.211536	0.216051	0.00113349
11	0.21143	0.215631	0.00110556
12	0.220628	0.216048	0.00108905
13	0.216203	0.216059	0.00100534
14	0.207015	0.215413	0.00112208
15	0.215084	0.215391	0.00104749
16	0.212986	0.215241	0.000992749
17	0.213612	0.215145	0.000938963
18	0.215711	0.215177	0.000887323
19	0.212692	0.215046	0.000850202
20	0.214837	0.215036	0.000807756
1	0.219586	0.219586	0
2	0.216794	0.21819	0.000987121
3	0.218755	0.218378	0.000675859
4	0.221335	0.219117	0.000816557
5	0.218964	0.219087	0.000653822
6	0.22125	0.219447	0.000636564
7	0.21392	0.218658	0.000912192
8	0.219751	0.218794	0.000808339
9	0.218536	0.218766	0.000719033
10	0.223133	0.219202	0.000768388
11	0.222336	0.219487	0.000749502
12	0.220569	0.219577	0.000692445
13	0.21403	0.219151	0.000759356
14	0.22173	0.219335	0.000727125
15	0.214527	0.219014	0.00074596
16	0.221045	0.219141	0.000710056
17	0.222958	0.219366	0.000702888
18	0.21818	0.2193	0.000666921
19	0.211396	0.218884	0.00075042
20	0.218924	0.218886	0.000712901
1	0.226203	0.226203	0
2	0.219592	0.222897	0.00233707
3	0.220172	0.221989	0.00172563
4	0.22301	0.222244	0.00131298
5	0.214011	0.220598	0.00180894
6	0.220785	0.220629	0.00150772
7	0.222767	0.220934	0.00132292
8	0.21907	0.220701	0.00117789
9	0.226332	0.221327	0.00120175
10	0.211719	0.220366	0.00141441
11	0.22464	0.220755	0.00133812
12	0.222916	0.220935	0.00123867
13	0.215439	0.220512	0.00121338
14	0.221667	0.220595	0.00112951
15	0.229162	0.221166	0.00118988
16	0.212023	0.220594	0.00124519
17	0.219236	0.220514	0.00117451
18	0.220288	0.220502	0.00110932
19	0.222848	0.220625	0.00105779
20	0.222474	0.220718	0.00100893
1	0.220617	0.220617	0
2	0.226957	0.223787	0.00224183
3	0.217151	0.221575	0.00234435
4	0.225511	0.222559	0.00195391
5	0.221216	0.22229	0.00158149
6	0.222771	0.222371	0.00131994
7	0.227403	0.223089	0.00131261
8	0.21995	0.222697	0.00120578
9	0.226146	0.22308	0.00113105
10	0.21914	0.222686	0.00108442
11	0.220685	0.222504	0.00100097
12	0.220615	0.222347	0.00092986
13	0.219322	0.222114	0.000886968
14	0.217904	0.221813	0.000873093
15	0.218728	0.221608	0.000838763
16	0.22458	0.221793	0.000806643
17	0.215579	0.221428	0.000837946
18	0.220979	0.221403	0.000791766
19	0.225669	0.221627	0.000781281
20	0.221646	0.221628	0.000742217
1	0.228275	0.228275	0
2	0.224487	0.226381	0.00133944
3	0.234887	0.229216	0.00248126
4	0.226301	0.228488	0.00196511
5	0.223892	0.227568	0.00177407
6	0.227736	0.227596	0.00147861
7	0.2232	0.226968	0.0013944
8	0.227726	0.227063	0.00122332
9	0.228858	0.227263	0.00110353
10	0.228363	0.227373	0.000998653
11	0.220039	0.226706	0.00110826
12	0.219168	0.226078	0.00118059
13	0.223918	0.225912	0.00110141
14	0.219453	0.22545	0.00111518
15	0.224455	0.225384	0.00104281
16	0.227885	0.22554	0.000989278
17	0.223242	0.225405	0.000940278
18	0.22635	0.225457	0.000889506
19	0.233726	0.225893	0.000943158
20	0.226931	0.225945	0.000897428
1	0.230918	0.230918	0
2	0.231155	0.231037	8.37278e-05
3	0.226211	0.229428	0.00131468
4	0.221297	0.227395	0.00201775
5	0.232268	0.22837	0.00183453
6	0.224494	0.227724	0.00163858
7	0.230173	0.228074	0.00144138
8	0.226336	0.227856	0.00127746
9	0.223581	0.227381	0.00122065
10	0.230795	0.227723	0.00114532
11	0.224732	0.227451	0.00107298
12	0.221349	0.226942	0.00109745
13	0.225909	0.226863	0.00101591
14	0.225965	0.226799	0.000945368
15	0.231661	0.227123	0.000936272
16	0.228383	0.227202	0.000881062
17	0.223209	0.226967	0.000859963
18	0.229602	0.227113	0.000824552
19	0.223331	0.226914	0.00080483
20	0.231093	0.227123	0.000791246
1	0.230855	0.230855	0
2	0.229275	0.230065	0.000558588
3	0.233906	0.231345	0.00110969
4	0.229118	0.230788	0.000961871
5	0.236479	0.231926	0.00127608
6	0.230507	0.23169	0.00108511
7	0.227313	0.231065	0.00109552
8	0.224565	0.230252	0.00122327
9	0.23347	0.23061	0.00113839
10	0.229157	0.230464	0.00103378
11	0.232547	0.230654	0.000956978
12	0.229941	0.230594	0.000879068
13	0.226685	0.230294	0.000861344
14	0.236288	0.230722	0.000899981
15	0.232624	0.230849	0.000848868
16	0.232027	0.230922	0.000799003
17	0.24127	0.231531	0.000956159
18	0.236784	0.231823	0.00094652
19	0.230457	0.231751	0.000899429
20	0.229601	0.231643	0.000860855
1	0.237634	0.237634	0
2	0.224688	0.231161	0.00457721
3	0.236575	0.232966	0.00338859
4	0.23522	0.233529	0.00258788
5	0.235153	0.233854	0.00209057
6	0.229219	0.233081	0.00187947
7	0.233906	0.233199	0.00161466
8	0.228475	0.232609	0.00151699
9	0.233558	0.232714	0.0013521
10	0.233271	0.23277	0.00121804
11	0.22586	0.232142	0.00125891
12	0.228309	0.231822	0.00119383
13	0.239551	0.232417	0.00124122
14	0.237304	0.232766	0.00120065
15	0.234548	0.232885	0.00112648
16	0.23061	0.232742	0.00106501
17	0.231301	0.232658	0.00100573
18	0.240615	0.2331	0.00104249
19	0.232361	0.233061	0.000988346
20	0.229054	0.23286	0.000959023
1	0.240206	0.240206	0
2	0.236747	0.238477	0.00122285
3	0.234271	0.237075	0.00140533
4	0.228137	0.23484	0.00220355
5	0.239067	0.235686	0.00191815
6	0.235936	0.235727	0.00159891
7	0.235942	0.235758	0.00137079
8	0.237184	0.235936	0.00121098
9	0.234706	0.2358	0.00108411
10	0.239924	0.236212	0.00105122
11	0.236653	0.236252	0.000956416
12	0.232476	0.235938	0.000927039
13	0.230943	0.235553	0.000931958
14	0.234331	0.235466	0.000869471
15	0.238364	0.235659	0.000832699
16	0.23219	0.235442	0.000808389
17	0.238305	0.235611	0.000778172
18	0.240464	0.23588	0.000780257
19	0.229521	0.235546	0.000807789
20	0.242329	0.235885	0.000835566
1	0.246675	0.246675	0
2	0.243579	0.245127	0.00109444
3	0.239717	0.243324	0.00164325
4	0.246364	0.244084	0.00139725
5	0.244908	0.244249	0.00112747
6	0.243408	0.244108	0.000948218
7	0.234228	0.242697	0.00153893
8	0.245368	0.243031	0.00138231
9	0.236963	0.242357	0.00138338
10	0.238741	0.241995	0.00129144
11	0.242133	0.242008	0.0011741
12	0.238559	0.24172	0.00111086
13	0.245575	0.242017	0.00106426
14	0.237595	0.241701	0.00103405
15	0.243033	0.24179	0.000968918
16	0.247134	0.242124	0.000964211
17	0.233633	0.241624	0.00102874
18	0.248926	0.24203	0.00104853
19	0.244906	0.242181	0.00100422
20	0.23845	0.241995	0.000971184
1	0.239136	0.239136	0
2	0.237112	0.238124	0.000715678
3	0.247883	0.241377	0.0026986
4	0.245783	0.242479	0.00223753
5	0.240289	0.242041	0.00183239
6	0.240734	0.241823	0.00153988
7	0.240053	0.24157	0.00134049
8	0.243373	0.241795	0.00119172
9	0.243472	0.241982	0.00107377
10	0.245724	0.242356	0.00102955
11	0.239873	0.24213	0.000960383
12	0.254741	0.243181	0.00133694
13	0.246739	0.243455	0.0012618
14	0.248477	0.243814	0.0012216
15	0.242916	0.243754	0.00114163
16	0.241037	0.243584	0.00108283
17	0.243003	0.24355	0.00101967
18	0.242054	0.243467	0.000966401
19	0.241111	0.243343	0.000923456
20	0.253113	0.243831	0.000998163
1	0.242823	0.242823	0
2	0.24241	0.242617	0.000145826
3	0.237858	0.24103	0.00129875
4	0.245953	0.242261	0.00144382
5	0.240457	0.2419	0.00119928
6	0.23602	0.24092	0.00134138
7	0.246724	0.241749	0.00138247
8	0.245564	0.242226	0.00128929
9	0.250859	0.243185	0.00145986
10	0.238791	0.242746	0.00137841
11	0.242611	0.242734	0.00125315
12	0.247166	0.243103	0.00120192
13	0.252237	0.243806	0.0012987
14	0.24698	0.244032	0.00122557
15	0.248201	0.24431	0.00117495
16	0.242548	0.2442	0.00110666
17	0.245513	0.244277	0.00104426
18	0.247893	0.244478	0.00100538
19	0.242232	0.24436	0.000959394
20	0.246701	0.244477	0.000918537
1	0.24672	0.24672	0
2	0.250909	0.248814	0.00148091
3	0.249116	0.248915	0.000990677
4	0.252364	0.249777	0.00105337
5	0.249293	0.24968	0.000847134
6	0.246184	0.249098	0.000883927
7	0.25037	0.249279	0.000776109
8	0.250803	0.24947	0.000702091
9	0.248007	0.249307	0.000642622
10	0.254074	0.249784	0.00073416
11	0.250542	0.249853	0.000670644
12	0.250227	0.249884	0.000615482
13	0.250083	0.249899	0.000568328
14	0.244768	0.249533	0.000635033
15	0.249091	0.249503	0.000593381
16	0.241663	0.249013	0.000731137
17	0.255857	0.249416	0.000791239
18	0.248823	0.249383	0.000747966
19	0.247458	0.249282	0.000715431
20	0.248414	0.249238	0.000680974
1	0.249599	0.249599	0
2	0.251414	0.250506	0.000641537
3	0.249954	0.250322	0.000453301
4	0.252727	0.250923	0.000621724
5	0.256044	0.251948	0.00104234
6	0.255904	0.252607	0.0010568
7	0.253853	0.252785	0.000920692
8	0.245174	0.251834	0.00120036
9	0.246245	0.251213	0.00121707
10	0.248722	0.250964	0.00112055
11	0.24935	0.250817	0.00102824
12	0.249425	0.250701	0.000949076
13	0.25077	0.250706	0.000876085
14	0.249961	0.250653	0.000815124
15	0.257499	0.251109	0.000879307
16	0.250323	0.25106	0.000825725
17	0.254777	0.251279	0.000805584
18	0.253553	0.251405	0.000770675
19	0.242943	0.25096	0.000849108
20	0.253101	0.251067	0.000813373
1	0.25155	0.25155	0
2	0.253611	0.252581	0.000728794
3	0.256651	0.253938	0.00120969
4	0.247627	0.25236	0.00164005
5	0.253611	0.25261	0.00133099
6	0.249517	0.252095	0.0012049
7	0.253108	0.252239	0.00104143
8	0.259031	0.253088	0.00120874
9	0.248797	0.252612	0.00116468
10	0.254252	0.252776	0.0010597
11	0.255258	0.253001	0.000987096
12	0.256812	0.253319	0.000954556
13	0.25475	0.253429	0.000887458
14	0.258368	0.253782	0.000891442
15	0.262917	0.254391	0.00101904
16	0.256199	0.254504	0.000961597
17	0.256117	0.254599	0.000909706
18	0.257085	0.254737	0.000869588
19	0.262077	0.255123	0.000905576
20	0.263524	0.255543	0.000952748
1	0.258398	0.258398	0
2	0.266137	0.262268	0.00273622
3	0.259004	0.26118	0.00202887
4	0.257409	0.260237	0.00172685
5	0.256276	0.259445	0.00155259
6	0.262738	0.259994	0.00138745
7	0.259376	0.259906	0.00119205
8	0.256488	0.259478	0.00111699
9	0.255562	0.259043	0.00107432
10	0.251644	0.258303	0.00119483
11	0.254868	0.257991	0.00112627
12	0.259241	0.258095	0.00103722
13	0.261554	0.258361	0.000990977
14	0.255143	0.258131	0.00094648
15	0.251901	0.257716	0.000970254
16	0.25643	0.257636	0.000912936
17	0.260326	0.257794	0.00087284
18	0.259781	0.257904	0.000831299
19	0.257816	0.2579	0.000787559
20	0.253725	0.257691	0.00077535
1	0.259745	0.259745	0
2	0.250857	0.255301	0.00314227
3	0.256625	0.255742	0.0021256
4	0.259528	0.256689	0.00179257
5	0.258391	0.257029	0.00146604
6	0.259538	0.257447	0.00127996
7	0.259138	0.257689	0.00111967
8	0.254716	0.257317	0.00103956
9	0.255152	0.257077	0.000951482
10	0.261079	0.257477	0.000936748
11	0.261505	0.257843	0.000920375
12	0.255539	0.257651	0.000863477
13	0.265401	0.258247	0.000981514
14	0.258472	0.258263	0.000911537
15	0.263231	0.258594	0.000908933
16	0.255527	0.258403	0.000872108
17	0.254982	0.258201	0.000843706
18	0.267652	0.258727	0.000946197
19	0.259378	0.258761	0.000897019
20	0.260956	0.258871	0.000858857
1	0.260937	0.260937	0
2	0.272772	0.266855	0.00418434
3	0.263797	0.265835	0.00291105
4	0.268103	0.266402	0.00223779
5	0.256652	0.264452	0.00249946
6	0.265425	0.264614	0.00208814
7	0.266201	0.264841	0.0018021
8	0.261761	0.264456	0.00161744
9	0.268492	0.264904	0.00149861
10	0.265354	0.264949	0.00134942
11	0.265299	0.264981	0.00122712
12	0.259604	0.264533	0.00120389
13	0.26904	0.26488	0.00116013
14	0.262598	0.264717	0.00108865
15	0.269617	0.265043	0.00106395
16	0.257928	0.264599	0.00108644
17	0.254439	0.264001	0.00117548
18	0.271579	0.264422	0.00118317
19	0.262111	0.2643	0.00112713
20	0.267293	0.26445	0.00108066
1	0.279934	0.279934	0
2	0.261632	0.270783	0.00647068
3	0.261854	0.267807	0.00495122
4	0.259867	0.265822	0.00409199
5	0.2691	0.266478	0.00332569
6	0.276132	0.268087	0.00313657
7	0.269909	0.268347	0.00269927
8	0.264389	0.267852	0.00240677
9	0.265504	0.267591	0.00215344
10	0.263111	0.267143	0.00198416
11	0.271171	0.267509	0.00183725
12	0.261581	0.267015	0.0017493
13	0.27267	0.26745	0.00166795
14	0.266777	0.267402	0.0015495
15	0.27407	0.267847	0.00150862
16	0.271959	0.268104	0.00143605
17	0.26707	0.268043	0.00135287
18	0.263857	0.26781	0.00129755
19	0.271439	0.268001	0.00124323
20	0.266777	0.26794	0.00118257
1	0.269007	0.269007	0
2	0.276532	0.27277	0.00266043
3	0.272247	0.272595	0.00177932
4	0.266964	0.271187	0.00180756
5	0.269964	0.270943	0.00146251
6	0.274692	0.271568	0.00134563
7	0.277503	0.272416	0.00139522
8	0.272858	0.272471	0.00122192
9	0.27139	0.272351	0.00109204
10	0.266435	0.271759	0.00113178
11	0.274498	0.272008	0.00105592
12	0.276741	0.272403	0.00103898
13	0.269894	0.27221	0.000976812
14	0.26521	0.27171	0.00102707
15	0.262077	0.271068	0.00114183
16	0.269735	0.270984	0.0010735
17	0.26447	0.270601	0.00107657
18	0.273666	0.270771	0.00103014
19	0.268091	0.27063	0.000985538
20	0.277417	0.27097	0.000992969
1	0.269558	0.269558	0
2	0.275536	0.272547	0.00211346
3	0.280388	0.275161	0.00255722
4	0.277752	0.275808	0.0019983
5	0.28254	0.277155	0.00200146
6	0.272347	0.276354	0.00182123
7	0.264675	0.274685	0.00219606
8	0.287905	0.276338	0.00246608
9	0.27181	0.275835	0.00224279
10	0.272258	0.275477	0.00204683
11	0.279794	0.275869	0.00189801
12	0.26934	0.275325	0.00181616
13	0.272429	0.275103	0.00169006
14	0.278077	0.275315	0.00158264
15	0.271548	0.275064	0.00149693
16	0.270839	0.2748	0.00142647
17	0.273038	0.274696	0.00134632
18	0.27797	0.274878	0.00128375
19	0.268971	0.274567	0.00125327
20	0.276262	0.274652	0.00119346
1	0.280562	0.280562	0
2	0.282013	0.281287	0.00051334
3	0.277916	0.280164	0.000979245
4	0.272493	0.278246	0.00181601
5	0.275243	0.277645	0.00154895
6	0.287358	0.279264	0.0019621
7	0.283123	0.279815	0.00175754
8	0.286805	0.280689	0.00174155
9	0.274564	0.280009	0.00167576
10	0.280184	0.280026	0.00150828
11	0.276431	0.279699	0.00140612
12	0.275081	0.279314	0.00134059
13	0.279714	0.279345	0.00123782
14	0.276202	0.279121	0.00116959
15	0.272619	0.278687	0.00116918
16	0.28396	0.279017	0.00114162
17	0.27047	0.278514	0.00117998
18	0.283743	0.278804	0.00114963
19	0.280162	0.278876	0.00109135
20	0.283924	0.279128	0.00106556
1	0.27247	0.27247	0
2	0.276394	0.274432	0.0013872
3	0.271426	0.27343	0.00123478
4	0.282126	0.275604	0.00209816
5	0.287229	0.277929	0.00267248
6	0.271406	0.276842	0.00243814
7	0.282222	0.27761	0.00220768
8	0.276655	0.277491	0.00193495
9	0.279766	0.277744	0.00173639
10	0.287586	0.278728	0.00182043
11	0.279984	0.278842	0.00165851
12	0.272703	0.27833	0.00159725
13	0.284533	0.278808	0.001544
14	0.280935	0.27896	0.00144117
15	0.283763	0.27928	0.00138021
16	0.279699	0.279306	0.00129419
17	0.281828	0.279454	0.00122654
18	0.277067	0.279322	0.00116555
19	0.281213	0.279421	0.00110844
20	0.279998	0.27945	0.0010534
1	0.283127	0.283127	0
2	0.285813	0.28447	0.000949537
3	0.29166	0.286867	0.0020566
4	0.27677	0.284343	0.00267539
5	0.291008	0.285676	0.00245002
6	0.278467	0.284474	0.00231758
7	0.285363	0.284601	0.00198998
8	0.285688	0.284737	0.00174586
9	0.291369	0.285474	0.00170029
10	0.293961	0.286323	0.00172914
11	0.291264	0.286772	0.00162926
12	0.290949	0.28712	0.00153023
13	0.275103	0.286196	0.00166854
14	0.285822	0.286169	0.00154957
15	0.285249	0.286108	0.00144748
16	0.279426	0.28569	0.00141597
17	0.286279	0.285725	0.0013331
18	0.277242	0.285253	0.00133975
19	0.279127	0.284931	0.00130747
20	0.2817	0.284769	0.00125204
1	0.291944	0.291944	0
2	0.288081	0.290013	0.00136592
3	0.27965	0.286558	0.00296368
4	0.290245	0.28748	0.00236173
5	0.277777	0.285539	0.00256568
6	0.28364	0.285223	0.00215751
7	0.284584	0.285132	0.00185122
8	0.279929	0.284481	0.00173028
9	0.283719	0.284397	0.0015401
10	0.284219	0.284379	0.00138619
11	0.288907	0.28479	0.00131988
12	0.2847	0.284783	0.00120992
13	0.287621	0.285001	0.00113637
14	0.291204	0.285444	0.0011383
15	0.288247	0.285631	0.00107763
16	0.283399	0.285492	0.00101927
17	0.289351	0.285719	0.000984264
18	0.284664	0.28566	0.000931325
19	0.291393	0.285962	0.000929902
20	0.284822	0.285905	0.000885152
1	0.292827	0.292827	0
2	0.296892	0.29486	0.00143726
3	0.301373	0.297031	0.00201509
4	0.284145	0.293809	0.00317294
5	0.28611	0.292269	0.00288789
6	0.295663	0.292835	0.00246134
7	0.291352	0.292623	0.00211881
8	0.285212	0.291697	0.00204648
9	0.294369	0.291994	0.00184051
10	0.286591	0.291453	0.00173395
11	0.296013	0.291868	0.0016251
12	0.284767	0.291276	0.00159376
13	0.292979	0.291407	0.00147654
14	0.287187	0.291106	0.00140151
15	0.288936	0.290961	0.00131552
16	0.304696	0.291819	0.00148724
17	0.291444	0.291797	0.00139992
18	0.286855	0.291523	0.0013488
19	0.287951	0.291335	0.00129085
20	0.302452	0.291891	0.00134066
1	0.296733	0.296733	0
2	0.290765	0.293749	0.00211028
3	0.295958	0.294485	0.00152995
4	0.290607	0.293516	0.00142189
5	0.297531	0.294319	0.00134533
6	0.291171	0.293794	0.00121912
7	0.283188	0.292279	0.00174922
8	0.291452	0.292176	0.00153362
9	0.303202	0.293401	0.00178677
10	0.30043	0.294104	0.00174089
11	0.298092	0.294466	0.00161993
12	0.292221	0.294279	0.0014957
13	0.29329	0.294203	0.00138258
14	0.2916	0.294017	0.00129627
15	0.294299	0.294036	0.00120999
16	0.292678	0.293951	0.00113733
17	0.297737	0.294174	0.00109202
18	0.297568	0.294362	0.00104751
19	0.293568	0.294321	0.000993207
20	0.293981	0.294304	0.000943692
1	0.296084	0.296084	0
2	0.29727	0.296677	0.000419331
3	0.29072	0.294691	0.00164522
4	0.30648	0.297638	0.00283483
5	0.303061	0.298723	0.00246659
6	0.303968	0.299597	0.00220498
7	0.298411	0.299428	0.00189648
8	0.294997	0.298874	0.00173839
9	0.298461	0.298828	0.00154585
10	0.301705	0.299116	0.00141777
11	0.303358	0.299501	0.00134031
12	0.297249	0.299314	0.00124169
13	0.295838	0.299046	0.00117461
14	0.298337	0.298996	0.0010918
15	0.296717	0.298844	0.00102953
16	0.307279	0.299371	0.00109185
17	0.291761	0.298923	0.00111561
18	0.29748	0.298843	0.00105651
19	0.307001	0.299272	0.00108465
20	0.299413	0.299279	0.00103044
1	0.295236	0.295236	0
2	0.298401	0.296819	0.00111865
3	0.3105	0.301379	0.00379745
4	0.307052	0.302797	0.0031017
5	0.307011	0.30364	0.00259331
6	0.308954	0.304526	0.0023074
7	0.306762	0.304845	0.00199976
8	0.304115	0.304754	0.00175187
9	0.296178	0.303801	0.00179777
10	0.309045	0.304325	0.00169274
11	0.296295	0.303595	0.00168895
12	0.307113	0.303888	0.00157344
13	0.312507	0.304551	0.00158592
14	0.300954	0.304294	0.00149332
15	0.29903	0.303943	0.00143441
16	0.304689	0.30399	0.00134552
17	0.294674	0.303442	0.00137344
18	0.301036	0.303308	0.00130363
19	0.295369	0.302891	0.00130026
20	0.290774	0.302285	0.00136913
1	0.303912	0.303912	0
2	0.301587	0.302749	0.000822084
3	0.309444	0.304981	0.00190263
4	0.313812	0.307189	0.00238585
5	0.299131	0.305577	0.00239186
6	0.30894	0.306138	0.00205784
7	0.31023	0.306722	0.00184504
8	0.306341	0.306675	0.00161503
9	0.303731	0.306348	0.00146833
10	0.299138	0.305627	0.001488
11	0.311726	0.306181	0.00145236
12	0.294946	0.305245	0.00160499
13	0.308495	0.305495	0.00150087
14	0.30154	0.305212	0.00141999
15	0.312694	0.305711	0.00141021
16	0.305985	0.305728	0.00132218
17	0.305783	0.305731	0.00124441
18	0.303276	0.305595	0.00118273
19	0.301437	0.305376	0.00114055
20	0.299742	0.305094	0.00111777
1	0.309256	0.309256	0
2	0.312889	0.311073	0.00128445
3	0.305021	0.309056	0.00185645
4	0.317786	0.311238	0.00234766
5	0.300122	0.309015	0.00273526
6	0.304865	0.308323	0.00236522
7	0.312582	0.308932	0.00210411
8	0.313677	0.309525	0.0019229
9	0.308226	0.309381	0.00171464
10	0.311277	0.30957	0.00155363
11	0.306859	0.309324	0.00143181
12	0.31241	0.309581	0.00133539
13	0.316143	0.310086	0.00132465
14	0.297746	0.309204	0.00149477
15	0.30661	0.309031	0.00140508
16	0.304484	0.308747	0.0013457
17	0.325121	0.30971	0.00157392
18	0.312508	0.309866	0.00149414
19	0.312319	0.309995	0.00142107
20	0.311427	0.310067	0.00135182
1	0.312638	0.312638	0
2	0.318832	0.315735	0.00218988
3	0.307922	0.313131	0.00257948
4	0.311705	0.312774	0.0019591
5	0.312683	0.312756	0.00156736
6	0.303661	0.31124	0.00190283
7	0.312263	0.311386	0.00163659
8	0.301235	0.310117	0.00186
9	0.313069	0.310445	0.001682
10	0.318899	0.311291	0.00171311
11	0.321801	0.312246	0.00180426
12	0.323253	0.313163	0.0018726
13	0.307647	0.312739	0.00177598
14	0.312565	0.312727	0.00164917
15	0.305256	0.312229	0.00161268
16	0.322308	0.312859	0.0016303
17	0.315878	0.313036	0.00154404
18	0.319293	0.313384	0.00149688
19	0.309837	0.313197	0.00142969
20	0.305824	0.312828	0.00140493
1	0.326309	0.326309	0
2	0.316046	0.321177	0.00362873
3	0.312146	0.318167	0.0034488
4	0.313209	0.316927	0.00280052
5	0.331611	0.319864	0.00345243
6	0.32058	0.319983	0.00287908
7	0.311767	0.31881	0.00269645
8	0.316991	0.318582	0.00236896
9	0.314003	0.318074	0.00215969
10	0.31796	0.318062	0.00194375
11	0.317579	0.318018	0.00176754
12	0.317252	0.317954	0.0016214
13	0.319259	0.318055	0.00149978
14	0.314874	0.317828	0.00140975
15	0.318694	0.317885	0.00131695
16	0.303879	0.31701	0.00149759
17	0.313898	0.316827	0.00142064
18	0.318959	0.316945	0.00134664
19	0.322364	0.31723	0.00130562
20	0.319186	0.317328	0.00124399
1	0.327314	0.327314	0
2	0.315639	0.321476	0.00412786
3	0.316054	0.319669	0.00312257
4	0.316683	0.318923	0.00242949
5	0.335657	0.322269	0.00356916
6	0.32955	0.323483	0.00317388
7	0.316896	0.322542	0.00285657
8	0.31572	0.321689	0.00262368
9	0.316381	0.321099	0.00239753
10	0.322145	0.321204	0.00216006
11	0.316409	0.320768	0.0020072
12	0.345234	0.322807	0.00268248
13	0.328824	0.32327	0.00251575
14	0.322249	0.323197	0.00233711
15	0.319199	0.32293	0.00219644
16	0.318973	0.322683	0.00207305
17	0.316569	0.322323	0.00198206
18	0.324824	0.322462	0.0018768
19	0.3146	0.322048	0.00182307
20	0.327537	0.322323	0.00175246
1	0.336224	0.336224	0
2	0.33416	0.335192	0.000729715
3	0.323386	0.331256	0.00324986
4	0.312151	0.32648	0.00480122
5	0.327321	0.326648	0.00384392
6	0.334391	0.327939	0.00341302
7	0.326246	0.327697	0.002934
8	0.321095	0.326872	0.0026808
9	0.320809	0.326198	0.0024661
10	0.323784	0.325957	0.00223128
11	0.312681	0.32475	0.00233209
12	0.325212	0.324788	0.00213807
13	0.321416	0.324529	0.00198927
14	0.325983	0.324633	0.00184989
15	0.327827	0.324846	0.00173878
16	0.319328	0.324501	0.00166395
17	0.324821	0.32452	0.00156618
18	0.324635	0.324526	0.00147918
19	0.315589	0.324056	0.00147421
20	0.327662	0.324236	0.00141149
1	0.326822	0.326822	0
2	0.332984	0.329903	0.00217864
3	0.325317	0.328374	0.00191502
4	0.32785	0.328243	0.00144074
5	0.331612	0.328917	0.00130063
6	0.330007	0.329099	0.00109646
7	0.33015	0.329249	0.000950062
8	0.324036	0.328597	0.00103082
9	0.336963	0.329527	0.0012679
10	0.327049	0.329279	0.00116506
11	0.323278	0.328733	0.00117998
12	0.33916	0.329602	0.00136452
13	0.322125	0.329027	0.00137547
14	0.323042	0.3286	0.00134202
15	0.321844	0.328149	0.00132596
16	0.337367	0.328725	0.00136251
17	0.331014	0.32886	0.001289
18	0.336473	0.329283	0.0012849
19	0.325307	0.329074	0.00123419
20	0.342435	0.329742	0.00134117
1	0.328605	0.328605	0
2	0.329168	0.328886	0.000199193
3	0.327756	0.328509	0.000335166
4	0.328715	0.328561	0.000255274
5	0.332014	0.329251	0.000650553
6	0.339551	0.330968	0.00165811
7	0.352282	0.334013	0.00315706
8	0.342318	0.335051	0.00292813
9	0.331856	0.334696	0.00262421
10	0.323152	0.333541	0.00260336
11	0.324211	0.332693	0.00250106
12	0.335207	0.332903	0.0023014
13	0.328863	0.332592	0.00214524
14	0.337637	0.332952	0.00202205
15	0.342107	0.333563	0.0019772
16	0.333691	0.333571	0.00185364
17	0.329597	0.333337	0.00175927
18	0.338266	0.333611	0.00168272
19	0.339899	0.333942	0.00162637
20	0.345017	0.334495	0.00163662
1	0.336832	0.336832	0
2	0.339767	0.338299	0.0010376
3	0.332618	0.336406	0.00169381
4	0.332841	0.335514	0.00148642
5	0.344959	0.337403	0.00206596
6	0.332214	0.336538	0.00189402
7	0.339494	0.336961	0.00166983
8	0.347445	0.338271	0.00190724
9	0.335911	0.338009	0.00171326
10	0.338076	0.338016	0.00154195
11	0.352646	0.339346	0.0018903
12	0.323714	0.338043	0.00213493
13	0.336612	0.337933	0.00197354
14	0.32792	0.337218	0.00195788
15	0.346065	0.337808	0.00191412
16	0.341991	0.338069	0.00181226
17	0.324466	0.337269	0.00187399
18	0.33225	0.33699	0.0017905
19	0.339618	0.337128	0.0017016
20	0.337034	0.337124	0.00161653
1	0.352102	0.352102	0
2	0.343026	0.347564	0.00320883
3	0.352266	0.349132	0.00249284
4	0.341605	0.34725	0.00248006
5	0.345284	0.346857	0.00201499
6	0.341684	0.345995	0.00185443
7	0.341266	0.345319	0.0017081
8	0.345367	0.345325	0.0014946
9	0.3268	0.343267	0.00235179
10	0.357008	0.344641	0.00248583
11	0.334326	0.343703	0.00243029
12	0.348931	0.344139	0.00226647
13	0.348781	0.344496	0.00212008
14	0.337441	0.343992	0.00202765
15	0.340851	0.343783	0.00190325
16	0.330474	0.342951	0.00195765
17	0.348709	0.34329	0.00187157
18	0.333261	0.342732	0.00184866
19	0.346529	0.342932	0.00176213
20	0.344094	0.34299	0.00167498
1	0.352902	0.352902	0
2	0.346036	0.349469	0.00242723
3	0.346617	0.348518	0.00179476
4	0.341032	0.346647	0.0021068
5	0.331274	0.343572	0.00322536
6	0.350986	0.344808	0.00291492
7	0.347366	0.345173	0.00252131
8	0.345531	0.345218	0.00220654
9	0.341924	0.344852	0.0019915
10	0.354282	0.345795	0.0020032
11	0.337799	0.345068	0.00194852
12	0.351648	0.345616	0.00186169
13	0.343776	0.345475	0.00172386
14	0.352258	0.345959	0.00166742
15	0.346978	0.346027	0.00155764
16	0.334573	0.345311	0.00161645
17	0.334663	0.344685	0.00163823
18	0.345656	0.344739	0.00154811
19	0.351868	0.345114	0.00151141
20	0.348753	0.345296	0.00144675
1	0.348368	0.348368	0
2	0.346609	0.347489	0.000621939
3	0.349311	0.348096	0.000646431
4	0.349902	0.348548	0.000622921
5	0.359427	0.350724	0.00200902
6	0.347908	0.350254	0.00172811
7	0.352637	0.350595	0.00151439
8	0.34696	0.35014	0.00139159
9	0.356809	0.350881	0.00142062
10	0.352228	0.351016	0.00128492
11	0.345215	0.350489	0.00127173
12	0.35637	0.350979	0.00125666
13	0.35086	0.35097	0.00116003
14	0.355301	0.351279	0.00111767
15	0.340107	0.350534	0.00126725
16	0.35563	0.350853	0.00122741
17	0.349265	0.350759	0.00115876
18	0.359545	0.351247	0.00119277
19	0.352043	0.351289	0.00113072
20	0.346131	0.351031	0.00110321
1	0.354121	0.354121	0
2	0.365717	0.359919	0.00409994
3	0.352129	0.357322	0.00345922
4	0.342504	0.353617	0.00412599
5	0.352831	0.35346	0.00330379
6	0.344667	0.351995	0.003061
7	0.344539	0.35093	0.00280288
8	0.36336	0.352483	0.00285085
9	0.362909	0.353642	0.00275941
10	0.360274	0.354305	0.00256194
11	0.3552	0.354386	0.00233033
12	0.348506	0.353896	0.00218706
13	0.364932	0.354745	0.00217735
14	0.353832	0.35468	0.0020228
15	0.354469	0.354666	0.00188799
16	0.357736	0.354858	0.00177972
17	0.358852	0.355093	0.00169046
18	0.362238	0.35549	0.00164249
19	0.365665	0.356025	0.00164103
20	0.358198	0.356134	0.00156257
1	0.356996	0.356996	0
2	0.36382	0.360408	0.0024126
3	0.359761	0.360192	0.00161801
4	0.35418	0.358689	0.00177962
5	0.368047	0.360561	0.00219757
6	0.346077	0.358147	0.00286528
7	0.370318	0.359886	0.0029365
8	0.360616	0.359977	0.00257086
9	0.355529	0.359483	0.00233222
10	0.355266	0.359061	0.00213677
11	0.364304	0.359538	0.00199497
12	0.365169	0.360007	0.00188311
13	0.361955	0.360157	0.0017442
14	0.365458	0.360535	0.00166021
15	0.360512	0.360534	0.00154953
16	0.355006	0.360188	0.00149071
17	0.351721	0.35969	0.00148389
18	0.346634	0.358965	0.00156875
19	0.357332	0.358879	0.00148854
20	0.358158	0.358843	0.00141455
1	0.365231	0.365231	0
2	0.363624	0.364427	0.000568349
3	0.359819	0.362891	0.00131022
4	0.367504	0.364044	0.00140103
5	0.353117	0.361859	0.00225332
6	0.357856	0.361192	0.00197404
7	0.371737	0.362698	0.00219273
8	0.358492	0.362172	0.00198068
9	0.367327	0.362745	0.00184154
10	0.363735	0.362844	0.00166004
11	0.367828	0.363297	0.00156974
12	0.362466	0.363228	0.00144046
13	0.361277	0.363078	0.00133745
14	0.362394	0.363029	0.00124281
15	0.357521	0.362662	0.00121298
16	0.367118	0.36294	0.0011687
17	0.373774	0.363578	0.0012618
18	0.365018	0.363658	0.00119424
19	0.363383	0.363643	0.00113147
20	0.370755	0.363999	0.00112939
1	0.368634	0.368634	0
2	0.359816	0.364225	0.00311756
3	0.364096	0.364182	0.00207867
4	0.379343	0.367972	0.00363377
5	0.366227	0.367623	0.00292374
6	0.355885	0.365667	0.0030209
7	0.376779	0.367254	0.00297737
8	0.3667	0.367185	0.002606
9	0.376944	0.368269	0.00253202
10	0.371492	0.368592	0.00229924
11	0.363862	0.368162	0.00213003
12	0.364582	0.367863	0.00197331
13	0.367104	0.367805	0.00182238
14	0.36854	0.367857	0.00169296
15	0.367555	0.367837	0.00158022
16	0.368323	0.367868	0.00148175
17	0.362469	0.36755	0.00142821
18	0.369239	0.367644	0.00135194
19	0.364748	0.367491	0.00128935
20	0.363446	0.367289	0.00124065
1	0.367667	0.367667	0
2	0.373742	0.370705	0.00214792
3	0.361104	0.367505	0.00297967
4	0.369662	0.368044	0.00228305
5	0.378498	0.370135	0.00261404
6	0.363123	0.368966	0.00242557
7	0.372213	0.36943	0.00212296
8	0.368892	0.369363	0.00185865
9	0.370032	0.369437	0.00165362
10	0.387571	0.37125	0.00227472
11	0.36384	0.370577	0.0021654
12	0.372893	0.37077	0.00199353
13	0.355763	0.369615	0.00214855
14	0.378855	0.370275	0.002094
15	0.377075	0.370729	0.00200286
16	0.389814	0.371922	0.00220446
17	0.369051	0.371753	0.00208124
18	0.360913	0.37115	0.0020509
19	0.369455	0.371061	0.0019449
20	0.368796	0.370948	0.00185095
1	0.391276	0.391276	0
2	0.390576	0.390926	0.000247457
3	0.386349	0.3894	0.00125658
4	0.375502	0.385926	0.00315326
5	0.379971	0.384735	0.0027383
6	0.381973	0.384274	0.00232027
7	0.374958	0.382943	0.00233962
8	0.388017	0.383578	0.00213139
9	0.367083	0.381745	0.00256421
10	0.382841	0.381855	0.00231013
11	0.364533	0.38028	0.00258162
12	0.372116	0.3796	0.00245449
13	0.374004	0.379169	0.00230311
14	0.374218	0.378816	0.00216558
15	0.368815	0.378149	0.00212135
16	0.386917	0.378697	0.00205833
17	0.371245	0.378259	0.00198338
18	0.383614	0.378556	0.00189538
19	0.386959	0.378998	0.00184649
20	0.379789	0.379038	0.00175459
1	0.389226	0.389226	0
2	0.381052	0.385139	0.00288966
3	0.390666	0.386982	0.00244422
4	0.389454	0.3876	0.00190971
5	0.399029	0.389885	0.00255226
6	0.37019	0.386603	0.00367464
7	0.37486	0.384925	0.00351181
8	0.37039	0.383108	0.00351151
9	0.39605	0.384546	0.00340306
10	0.369198	0.383012	0.00339126
11	0.381252	0.382852	0.00308673
12	0.389031	0.383366	0.00287213
13	0.377114	0.382885	0.00269117
14	0.381166	0.382763	0.00250175
15	0.390383	0.383271	0.00238599
16	0.378521	0.382974	0.00225525
17	0.390407	0.383411	0.00216457
18	0.386982	0.38361	0.00205338
19	0.388773	0.383881	0.00196321
20	0.390737	0.384224	0.00189473
1	0.387049	0.387049	0
2	0.384478	0.385763	0.000909107
3	0.383359	0.384962	0.000891889
4	0.385152	0.385009	0.00067018
5	0.382225	0.384452	0.000731834
6	0.390121	0.385397	0.00105624
7	0.384845	0.385318	0.000908284
8	0.396756	0.386748	0.00155569
9	0.391097	0.387231	0.00145597
10	0.399057	0.388414	0.00172504
11	0.380856	0.387727	0.00169955
12	0.37288	0.386489	0.00195713
13	0.387355	0.386556	0.00180772
14	0.385139	0.386455	0.00168143
15	0.389387	0.38665	0.00158065
16	0.383029	0.386424	0.00149798
17	0.395556	0.386961	0.00150309
18	0.412719	0.388392	0.00198725
19	0.399573	0.388981	0.00196787
20	0.38554	0.388809	0.00187698
1	0.394027	0.394027	0
2	0.381055	0.387541	0.00458655
3	0.391715	0.388932	0.00326192
4	0.3816	0.387099	0.00291639
5	0.38255	0.386189	0.00247096
6	0.381047	0.385332	0.00220277
7	0.383935	0.385133	0.00189712
8	0.395887	0.386477	0.0020825
9	0.389834	0.38685	0.00188423
10	0.375528	0.385718	0.00200736
11	0.389545	0.386066	0.00185478
12	0.386107	0.386069	0.00170022
13	0.393565	0.386646	0.00166434
14	0.396883	0.387377	0.00169851
15	0.396383	0.387977	0.00168806
16	0.404167	0.388989	0.00186126
17	0.384459	0.388723	0.00177075
18	0.390954	0.388847	0.00167671
19	0.403538	0.38962	0.00175773
20	0.396266	0.389952	0.00170096
1	0.390958	0.390958	0
2	0.375939	0.383449	0.00531006
3	0.366525	0.377807	0.00580927
4	0.406044	0.384867	0.00750719
5	0.403996	0.388693	0.00691226
6	0.39233	0.389299	0.00578674
7	0.390745	0.389505	0.00496375
8	0.393713	0.390031	0.00437105
9	0.393738	0.390443	0.00390473
10	0.393914	0.39079	0.00352965
11	0.381149	0.389914	0.0033158
12	0.393912	0.390247	0.00305617
13	0.412855	0.391986	0.00327878
14	0.396131	0.392282	0.00305792
15	0.384924	0.391792	0.00289314
16	0.395953	0.392052	0.00272399
17	0.388052	0.391816	0.00257389
18	0.388097	0.39161	0.00243918
19	0.393714	0.391721	0.00231331
20	0.389244	0.391597	0.00220096
1	0.414141	0.414141	0
2	0.403895	0.409018	0.00362234
3	0.406657	0.408231	0.00249893
4	0.396517	0.405303	0.00315354
5	0.405692	0.405381	0.0025238
6	0.399784	0.404448	0.00226897
7	0.37943	0.400874	0.00383809
8	0.391684	0.399725	0.00352605
9	0.388478	0.398476	0.0033484
10	0.393678	0.397996	0.00304774
11	0.396338	0.397845	0.00277439
12	0.398051	0.397862	0.00254325
13	0.390345	0.397284	0.00241245
14	0.387541	0.396588	0.00233836
15	0.385794	0.395868	0.00229052
16	0.420287	0.397395	0.00260669
17	0.381814	0.396478	0.0026095
18	0.379452	0.395532	0.00263039
19	0.414524	0.396532	0.00267514
20	0.407912	0.397101	0.0026012
1	0.395569	0.395569	0
2	0.396215	0.395892	0.000228274
3	0.400056	0.39728	0.00114333
4	0.399216	0.397764	0.000954489
5	0.426035	0.403418	0.0051145
6	0.405486	0.403763	0.00427368
7	0.389223	0.401686	0.00413727
8	0.390762	0.40032	0.00383884
9	0.410747	0.401479	0.00358286
10	0.381087	0.39944	0.00376037
11	0.412223	0.400602	0.00359361
12	0.400064	0.400557	0.00329442
13	0.426037	0.402517	0.00357683
14	0.402816	0.402538	0.00332141
15	0.390759	0.401753	0.00319146
16	0.400376	0.401667	0.00299316
17	0.397434	0.401418	0.00282743
18	0.411432	0.401974	0.00272454
19	0.413062	0.402558	0.0026429
20	0.407264	0.402793	0.0025212
1	0.406185	0.406185	0
2	0.411404	0.408795	0.00184529
3	0.41977	0.412453	0.00323051
4	0.408994	0.411588	0.00253601
5	0.418545	0.41298	0.00238003
6	0.407969	0.412145	0.00212481
7	0.405683	0.411221	0.00201182
8	0.405795	0.410543	0.00187122
9	0.401876	0.40958	0.00189496
10	0.407283	0.40935	0.00171933
11	0.415021	0.409866	0.00163849
12	0.406095	0.409552	0.00153179
13	0.403475	0.409084	0.00148357
14	0.410128	0.409159	0.00137947
15	0.416514	0.409649	0.00137189
16	0.405377	0.409382	0.00131188
17	0.427329	0.410438	0.0016042
18	0.413609	0.410614	0.00152472
19	0.415978	0.410896	0.00147037
20	0.419829	0.411343	0.00146312
1	0.407858	0.407858	0
2	0.42338	0.415619	0.00548793
3	0.414653	0.415297	0.00366805
4	0.409879	0.413942	0.00299069
5	0.424664	0.416087	0.00306636
6	0.397602	0.413006	0.0037998
7	0.403693	0.411675	0.00348211
8	0.42206	0.412973	0.00327987
9	0.437093	0.415653	0.00385796
10	0.410519	0.41514	0.00350616
11	0.423387	0.41589	0.00326659
12	0.408848	0.415303	0.00304663
13	0.409522	0.414858	0.00284453
14	0.39996	0.413794	0.00283342
15	0.419819	0.414196	0.00267285
16	0.405396	0.413646	0.00256176
17	0.408399	0.413337	0.00242958
18	0.397669	0.412467	0.00244556
19	0.42797	0.413283	0.0024492
20	0.404841	0.412861	0.00236283
1	0.412643	0.412643	0
2	0.414521	0.413582	0.000664082
3	0.433944	0.420369	0.00555946
4	0.420332	0.42036	0.0041696
5	0.409241	0.418136	0.00388369
6	0.423472	0.419025	0.00333668
7	0.433396	0.421078	0.003434
8	0.430138	0.422211	0.00318601
9	0.415459	0.421461	0.002919
10	0.412414	0.420556	0.00276373
11	0.421796	0.420669	0.00251478
12	0.421004	0.420697	0.00230537
13	0.438862	0.422094	0.00251613
14	0.431177	0.422743	0.00241861
15	0.410596	0.421933	0.0023891
16	0.400352	0.420584	0.0025927
17	0.391822	0.418892	0.00294086
18	0.416112	0.418738	0.00278153
19	0.411316	0.418347	0.00266242
20	0.402694	0.417565	0.00264183
1	0.426156	0.426156	0
2	0.425395	0.425775	0.000268726
3	0.432275	0.427942	0.001778
4	0.441106	0.431233	0.00314656
5	0.410062	0.426999	0.00454737
6	0.419409	0.425734	0.00396151
7	0.426519	0.425846	0.00339717
8	0.419974	0.425112	0.0030508
9	0.417171	0.42423	0.00283655
10	0.426919	0.424499	0.0025656
11	0.4196	0.424053	0.0023707
12	0.418997	0.423632	0.00221028
13	0.425163	0.42375	0.00204339
14	0.424169	0.42378	0.00189765
15	0.415651	0.423238	0.0018469
16	0.424437	0.423313	0.00173299
17	0.421733	0.42322	0.00163354
18	0.41355	0.422683	0.00162873
19	0.415844	0.422323	0.00158227
20	0.427062	0.42256	0.0015208
1	0.418417	0.418417	0
2	0.437566	0.427992	0.00677046
3	0.428197	0.42806	0.00451399
4	0.418838	0.425754	0.00393039
5	0.437077	0.428019	0.00374015
6	0.445448	0.430924	0.00409221
7	0.411355	0.428128	0.00435911
8	0.436393	0.429161	0.00393474
9	0.407562	0.426761	0.00416561
10	0.432647	0.42735	0.00379039
11	0.434168	0.42797	0.00349612
12	0.423372	0.427587	0.0032257
13	0.436399	0.428265	0.00304797
14	0.444705	0.429439	0.00304811
15	0.432522	0.429644	0.00285182
16	0.393093	0.42736	0.00346997
17	0.435923	0.427864	0.00330222
18	0.435825	0.428306	0.00314824
19	0.430803	0.428437	0.00298528
20	0.454961	0.429764	0.0031167
1	0.438181	0.438181	0
2	0.451008	0.444595	0.00453508
3	0.440874	0.443354	0.00318851
4	0.442889	0.443238	0.00239351
5	0.42764	0.440118	0.00338408
6	0.447059	0.441275	0.0030113
7	0.431791	0.43992	0.0028698
8	0.422279	0.437715	0.00324964
9	0.414681	0.435156	0.0037638
10	0.459794	0.43762	0.00411558
11	0.435319	0.437411	0.00374675
12	0.435881	0.437283	0.00343669
13	0.406228	0.434894	0.00391552
14	0.426269	0.434278	0.00368399
15	0.449137	0.435269	0.00356909
16	0.433438	0.435154	0.00334785
17	0.42492	0.434552	0.00320459
18	0.425098	0.434027	0.0030693
19	0.43081	0.433858	0.00291242
20	0.419445	0.433137	0.00285456
1	0.439513	0.439513	0
2	0.420352	0.429933	0.00677466
3	0.452791	0.437552	0.00768786
4	0.425603	0.434565	0.00631972
5	0.435346	0.434721	0.0050577
6	0.425284	0.433148	0.00445262
7	0.448081	0.435281	0.00429727
8	0.448947	0.43699	0.00408556
9	0.448341	0.438251	0.00382134
10	0.438557	0.438281	0.00343933
11	0.445439	0.438932	0.00318761
12	0.423939	0.437683	0.00315736
13	0.429425	0.437047	0.0029777
14	0.427552	0.436369	0.0028412
15	0.439612	0.436585	0.00265999
16	0.422677	0.435716	0.00263196
17	0.409901	0.434198	0.0028821
18	0.442215	0.434643	0.00275618
19	0.431497	0.434477	0.00261609
20	0.444053	0.434956	0.00252872
1	0.42745	0.42745	0
2	0.445697	0.436574	0.006451
3	0.450181	0.441109	0.00567549
4	0.432598	0.438981	0.00463836
5	0.428949	0.436975	0.00412193
6	0.445417	0.438382	0.00366723
7	0.429761	0.43715	0.00334374
8	0.429801	0.436232	0.00304937
9	0.447466	0.43748	0.00295503
10	0.443102	0.438042	0.00271248
11	0.430156	0.437325	0.00255888
12	0.43915	0.437477	0.00235015
13	0.46612	0.439681	0.00303103
14	0.449719	0.440398	0.0028981
15	0.442899	0.440564	0.00270968
16	0.435859	0.44027	0.00255624
17	0.448179	0.440736	0.00244784
18	0.42501	0.439862	0.00246283
19	0.430706	0.43938	0.00237988
20	0.441179	0.43947	0.00226259
1	0.432058	0.432058	0
2	0.438318	0.435188	0.00221323
3	0.4414	0.437259	0.00224412
4	0.452045	0.440955	0.00361688
5	0.44063	0.44089	0.00289409
6	0.432568	0.439503	0.00272395
7	0.433792	0.438687	0.00245394
8	0.437255	0.438508	0.00215372
9	0.45705	0.440569	0.00272724
10	0.4474	0.441252	0.00253864
11	0.443843	0.441487	0.00231876
12	0.44084	0.441433	0.00212616
13	0.459421	0.442817	0.00237047
14	0.453011	0.443545	0.00231028
15	0.428621	0.44255	0.00236081
16	0.457044	0.443456	0.00238072
17	0.462003	0.444547	0.00247809
18	0.452833	0.445007	0.00238278
19	0.461797	0.445891	0.00241568
20	0.413792	0.444286	0.00277735
1	0.468886	0.468886	0
2	0.452104	0.460495	0.0059332
3	0.479785	0.466925	0.00657334
4	0.473167	0.468485	0.0051119
5	0.453139	0.465416	0.00492551
6	0.456083	0.46386	0.00434329
7	0.476711	0.465696	0.00409243
8	0.460638	0.465064	0.0036294
9	0.465314	0.465092	0.00322624
10	0.4484	0.463423	0.00330735
11	0.449739	0.462179	0.00323215
12	0.441298	0.460439	0.00339906
13	0.436649	0.458609	0.00359662
14	0.457228	0.45851	0.00334107
15	0.454272	0.458227	0.00313026
16	0.447814	0.457577	0.00300151
17	0.441517	0.456632	0.0029699
18	0.433166	0.455328	0.00307775
19	0.443831	0.454723	0.00297466
20	0.441342	0.454054	0.00290019
1	0.459311	0.459311	0
2	0.456517	0.457914	0.000987719
3	0.439521	0.451783	0.005049
4	0.447531	0.45072	0.00389707
5	0.464589	0.453494	0.00398438
6	0.455151	0.45377	0.00332988
7	0.472082	0.456386	0.00374332
8	0.449869	0.455571	0.00336288
9	0.437434	0.453556	0.00354196
10	0.463091	0.45451	0.00331361
11	0.446519	0.453783	0.00309098
12	0.440895	0.452709	0.00301421
13	0.453246	0.45275	0.00278263
14	0.471897	0.454118	0.00290053
15	0.445215	0.453525	0.00276722
16	0.449923	0.453299	0.00260341
17	0.439293	0.452476	0.00257734
18	0.467835	0.453329	0.00257153
19	0.453907	0.453359	0.00243636
20	0.447325	0.453057	0.00233315
1	0.484907	0.484907	0
2	0.461879	0.473393	0.00814172
3	0.456173	0.467653	0.0071711
4	0.465276	0.467059	0.0054029
5	0.433409	0.460329	0.0074105
6	0.466612	0.461376	0.00624897
7	0.458206	0.460923	0.00537265
8	0.469952	0.462052	0.00481815
9	0.438917	0.459481	0.00492096
10	0.443428	0.457876	0.0046834
11	0.434063	0.455711	0.00473157
12	0.446097	0.45491	0.00440458
13	0.454357	0.454867	0.00406598
14	0.454292	0.454826	0.00377576
15	0.441122	0.453913	0.00363289
16	0.4793	0.455499	0.00373631
17	0.494392	0.457787	0.00415838
18	0.472285	0.458593	0.0040046
19	0.447062	0.457986	0.00383954
20	0.458204	0.457997	0.00364758
1	0.48129	0.48129	0
2	0.437999	0.459644	0.0153057
3	0.454017	0.457769	0.0103181
4	0.454148	0.456863	0.00777821
5	0.458211	0.457133	0.00622723
6	0.439193	0.454143	0.00586339
7	0.450193	0.453579	0.00505284
8	0.461957	0.454626	0.00452847
9	0.455741	0.45475	0.004027
10	0.476429	0.456918	0.00416719
11	0.430542	0.45452	0.00442476
12	0.460097	0.454985	0.00408037
13	0.469992	0.456139	0.0039264
14	0.436643	0.454747	0.00388505
15	0.469565	0.455734	0.00374955
16	0.464737	0.456297	0.00355716
17	0.464308	0.456768	0.00337899
18	0.452325	0.456521	0.00320027
19	0.470988	0.457283	0.0031211
20	0.474985	0.458168	0.00308799
1	0.447873	0.447873	0
2	0.506837	0.477355	0.0208467
3	0.476429	0.477046	0.0139001
4	0.475053	0.476548	0.010434
5	0.479512	0.477141	0.00836401
6	0.441413	0.471186	0.00883908
7	0.445534	0.467521	0.00830134
8	0.474945	0.468449	0.00731534
9	0.480615	0.469801	0.00662624
10	0.487713	0.471592	0.00620099
11	0.485587	0.472865	0.00576629
12	0.456657	0.471514	0.00544165
13	0.457676	0.470449	0.00512612
14	0.448153	0.468857	0.00500125
15	0.485699	0.46998	0.00479221
16	0.442511	0.468263	0.00479035
17	0.456154	0.467551	0.00456122
18	0.471019	0.467743	0.00431189
19	0.459776	0.467324	0.00410529
20	0.475714	0.467743	0.0039214
1	0.486882	0.486882	0
2	0.481095	0.483988	0.00204628
3	0.472941	0.480306	0.00330163
4	0.471185	0.478026	0.00316727
5	0.48034	0.478489	0.00256741
6	0.499247	0.481948	0.00381473
7	0.472527	0.480602	0.00349917
8	0.467959	0.479022	0.00339999
9	0.473498	0.478408	0.00307712
10	0.486741	0.479242	0.00288003
11	0.486129	0.479868	0.0026854
12	0.462325	0.478406	0.0028317
13	0.461208	0.477083	0.00290653
14	0.469851	0.476566	0.00274444
15	0.477227	0.47661	0.00256183
16	0.458796	0.475497	0.00263257
17	0.477951	0.475641	0.00248167
18	0.476721	0.475701	0.00234452
19	0.518012	0.477928	0.00310346
20	0.483608	0.478212	0.00296125
1	0.483575	0.483575	0
2	0.486452	0.485014	0.00101693
3	0.495254	0.488427	0.00286841
4	0.454893	0.480044	0.00757232
5	0.471369	0.478309	0.00625345
6	0.4669	0.476407	0.00549271
7	0.494201	0.478949	0.0052635
8	0.466659	0.477413	0.00482455
9	0.482558	0.477985	0.00432223
10	0.490712	0.479257	0.0040731
11	0.469321	0.478354	0.00380166
12	0.469876	0.477648	0.0035499
13	0.489318	0.478545	0.00338843
14	0.503226	0.480308	0.0035757
15	0.462603	0.479128	0.00352677
16	0.490472	0.479837	0.00337686
17	0.504735	0.481301	0.00348137
18	0.434681	0.478711	0.00414081
19	0.47586	0.478561	0.00392559
20	0.464258	0.477846	0.00379389
1	0.463515	0.463515	0
2	0.492823	0.478169	0.0103619
3	0.477978	0.478105	0.00690811
4	0.484689	0.479751	0.00537359
5	0.446375	0.473076	0.00735714
6	0.472485	0.472978	0.00613161
7	0.481325	0.47417	0.00537036
8	0.474774	0.474245	0.0046996
9	0.468375	0.473593	0.00422244
10	0.490193	0.475253	0.00411355
11	0.47728	0.475437	0.00374372
12	0.459004	0.474068	0.00367368
13	0.479665	0.474499	0.00341623
14	0.486573	0.475361	0.00327927
15	0.436325	0.472759	0.00396086
16	0.465758	0.472321	0.0037374
17	0.497884	0.473825	0.00380804
18	0.487595	0.47459	0.00367252
19	0.474342	0.474577	0.00347925
20	0.456317	0.473664	0.00342298
1	0.478911	0.478911	0
2	0.436943	0.457927	0.0148378
3	0.484793	0.466882	0.0123009
4	0.444953	0.4614	0.0103757
5	0.477037	0.464527	0.00875917
6	0.50435	0.471164	0.00948629
7	0.466667	0.470522	0.00815283
8	0.468766	0.470302	0.00713669
9	0.44906	0.467942	0.00672269
10	0.491167	0.470265	0.0064391
11	0.47852	0.471015	0.0058973
12	0.476397	0.471464	0.00542288
13	0.492594	0.473089	0.00524366
14	0.465537	0.47255	0.00489679
15	0.48566	0.473424	0.00464768
16	0.495021	0.474773	0.00454901
17	0.488574	0.475585	0.00435325
18	0.509949	0.477494	0.00451064
19	0.471697	0.477189	0.00428354
20	0.496389	0.478149	0.00417555
1	0.456315	0.456315	0
2	0.498707	0.477511	0.0149877
3	0.49754	0.484187	0.011382
4	0.495442	0.487001	0.00887747
5	0.475883	0.484777	0.00737523
6	0.4814	0.484215	0.00616746
7	0.483953	0.484177	0.00528651
8	0.469252	0.482312	0.00494393
9	0.463196	0.480188	0.00482935
10	0.465972	0.478766	0.00455083
11	0.459784	0.47704	0.00445229
12	0.471378	0.476569	0.0041062
13	0.489641	0.477574	0.00391153
14	0.502	0.479319	0.00400236
15	0.497669	0.480542	0.00391803
16	0.489373	0.481094	0.00371183
17	0.438432	0.478585	0.00425813
18	0.45972	0.477536	0.00414854
19	0.507493	0.479113	0.00421918
20	0.487293	0.479522	0.004028
1	0.483137	0.483137	0
2	0.478158	0.480648	0.00176034
3	0.527185	0.49616	0.0127201
4	0.515017	0.500874	0.0103769
5	0.469563	0.494612	0.0100144
6	0.528715	0.500296	0.00982682
7	0.464958	0.495248	0.00963282
8	0.487275	0.494251	0.00848011
9	0.467521	0.491281	0.00804117
10	0.497207	0.491874	0.00725885
11	0.500242	0.492635	0.0066387
12	0.490798	0.492481	0.00608723
13	0.513414	0.494092	0.00582806
14	0.509938	0.495224	0.0055206
15	0.494827	0.495197	0.00515262
16	0.478296	0.494141	0.00493767
17	0.489989	0.493897	0.00465326
18	0.496555	0.494044	0.00439709
19	0.470701	0.492816	0.0043339
20	0.498079	0.493079	0.00412518
1	0.509745	0.509745	0
2	0.491958	0.500851	0.00628836
3	0.48039	0.494031	0.00697057
4	0.533357	0.503862	0.00999123
5	0.485207	0.500131	0.00866165
6	0.4881	0.498126	0.00744653
7	0.474347	0.494729	0.00711552
8	0.509696	0.4966	0.00646737
9	0.509418	0.498024	0.00590352
10	0.485852	0.496807	0.00543721
11	0.541674	0.500886	0.00628943
12	0.499146	0.500741	0.00576698
13	0.540893	0.503829	0.00609458
14	0.474538	0.501737	0.00600764
15	0.500629	0.501663	0.00560759
16	0.477191	0.500134	0.00546172
17	0.518675	0.501225	0.00524822
18	0.492272	0.500727	0.00498016
19	0.493705	0.500358	0.00473174
20	0.486287	0.499654	0.00454716
1	0.506646	0.506646	0
2	0.480731	0.493688	0.00916257
3	0.475599	0.487659	0.0078454
4	0.516591	0.494892	0.00859413
5	0.479131	0.49174	0.00743091
6	0.524365	0.497177	0.00793629
7	0.514503	0.499652	0.00717811
8	0.497767	0.499416	0.00628472
9	0.521036	0.501819	0.00602805
10	0.500847	0.501722	0.00542603
11	0.524423	0.503785	0.00531074
12	0.514968	0.504717	0.00494927
13	0.497634	0.504172	0.00459845
14	0.476874	0.502222	0.00466512
15	0.477712	0.500588	0.00463144
16	0.520403	0.501827	0.0045045
17	0.456315	0.49915	0.00497186
18	0.495635	0.498954	0.00469948
19	0.485638	0.498253	0.0045041
20	0.490619	0.497872	0.00429504
1	0.501629	0.501629	0
2	0.513819	0.507724	0.00430951
3	0.544978	0.520142	0.0105384
4	0.551267	0.527923	0.0103866
5	0.500428	0.522424	0.00965593
6	0.535537	0.52461	0.00829023
7	0.468152	0.516544	0.0103078
8	0.509676	0.515686	0.00905501
9	0.509555	0.515005	0.00807448
10	0.565153	0.520019	0.00868583
11	0.497387	0.517962	0.00813625
12	0.509056	0.51722	0.007492
13	0.520883	0.517502	0.00692099
14	0.537928	0.518961	0.00657863
15	0.501315	0.517784	0.00624434
16	0.492674	0.516215	0.00604807
17	0.539097	0.517561	0.00584016
18	0.510643	0.517177	0.00552834
19	0.471889	0.514793	0.00572822
20	0.49071	0.513589	0.00556693
1	0.543638	0.543638	0
2	0.529181	0.53641	0.00511113
3	0.455064	0.509294	0.0224002
4	0.479282	0.501791	0.018013
5	0.478159	0.497065	0.0150177
6	0.525387	0.501785	0.0132358
7	0.486401	0.499587	0.011526
8	0.474755	0.496483	0.0104949
9	0.529452	0.500147	0.0099476
10	0.51767	0.501899	0.00910588
11	0.494166	0.501196	0.00830517
12	0.53521	0.50403	0.0080823
13	0.515057	0.504879	0.00750496
14	0.496198	0.504259	0.00699446
15	0.510341	0.504664	0.0065399
16	0.501181	0.504446	0.00613478
17	0.518212	0.505256	0.00582711
18	0.485059	0.504134	0.00561037
19	0.520826	0.505013	0.00538344
20	0.48905	0.504215	0.00517309
1	0.533855	0.533855	0
2	0.544933	0.539394	0.00391679
3	0.501581	0.526789	0.0106174
4	0.518441	0.524702	0.00816564
5	0.514313	0.522624	0.00679176
6	0.539783	0.525484	0.00623287
7	0.499264	0.521738	0.0063693
8	0.547577	0.524968	0.00633935
9	0.518375	0.524236	0.00567715
10	0.544248	0.526237	0.00545076
11	0.496881	0.523568	0.00557038
12	0.486194	0.520454	0.00591312
13	0.510384	0.519679	0.00550876
14	0.527568	0.520243	0.00514402
15	0.510728	0.519608	0.00484003
16	0.532828	0.520434	0.00460751
17	0.535932	0.521346	0.00442575
18	0.511445	0.520796	0.00421392
19	0.467549	0.517994	0.00483505
20	0.530108	0.518599	0.00463109
1	0.540128	0.540128	0
2	0.503322	0.521725	0.0130127
3	0.506927	0.516792	0.00956447
4	0.479721	0.507524	0.0107646
5	0.512709	0.508561	0.00866147
6	0.486795	0.504934	0.00794132
7	0.551576	0.511597	0.00918632
8	0.490393	0.508946	0.00841173
9	0.563122	0.514966	0.00938695
10	0.560389	0.519508	0.0094838
11	0.527026	0.520192	0.00864622
12	0.553552	0.522972	0.00836069
13	0.495282	0.520842	0.00798426
14	0.474634	0.517541	0.00806736
15	0.504468	0.51667	0.00757647
16	0.540218	0.518141	0.00724448
17	0.531099	0.518904	0.00685831
18	0.554474	0.52088	0.00675599
19	0.526096	0.521154	0.00640599
20	0.510045	0.520599	0.00610973
1	0.571171	0.571171	0
2	0.513015	0.542093	0.0205612
3	0.551562	0.545249	0.0139477
4	0.539696	0.543861	0.0105296
5	0.520997	0.539288	0.00936413
6	0.494139	0.531763	0.0103961
7	0.520426	0.530144	0.00903623
8	0.570207	0.535152	0.0091902
9	0.531755	0.534774	0.00817681
10	0.531706	0.534467	0.00736489
11	0.496803	0.531043	0.00744889
12	0.524222	0.530475	0.00684981
13	0.525015	0.530055	0.00633576
14	0.51376	0.528891	0.00598916
15	0.482114	0.525773	0.00635005
16	0.514398	0.525062	0.00599283
17	0.509202	0.524129	0.00571247
18	0.48332	0.521862	0.00582767
19	0.569509	0.524369	0.00603644
20	0.551056	0.525704	0.00588025
1	0.570136	0.570136	0
2	0.540579	0.555358	0.01045
3	0.556131	0.555615	0.00696984
4	0.538894	0.551435	0.00635865
5	0.530795	0.547307	0.0062856
6	0.549432	0.547661	0.00524797
7	0.509619	0.542226	0.00674909
8	0.49595	0.536442	0.00800957
9	0.551793	0.538148	0.00729897
10	0.500006	0.534333	0.00749973
11	0.499707	0.531185	0.00744932
12	0.512961	0.529667	0.00698164
13	0.482507	0.526039	0.00732668
14	0.504468	0.524498	0.00696347
15	0.546357	0.525956	0.00664997
16	0.501604	0.524434	0.00640615
17	0.531101	0.524826	0.00604131
18	0.524065	0.524784	0.00570583
19	0.518304	0.524443	0.00541571
20	0.570269	0.526734	0.00560872
1	0.51529	0.51529	0
2	0.522679	0.518984	0.00261235
3	0.560343	0.53277	0.0113903
4	0.469722	0.517008	0.0161031
5	0.517106	0.517028	0.0128825
6	0.503989	0.514855	0.0109172
7	0.540839	0.518567	0.00996871
8	0.516737	0.518338	0.00872524
9	0.58068	0.525265	0.0101391
10	0.55756	0.528494	0.00962581
11	0.519112	0.527641	0.00878845
12	0.530322	0.527865	0.00805892
13	0.595768	0.533088	0.00897348
14	0.500936	0.530792	0.00862138
15	0.54606	0.53181	0.00810649
16	0.482014	0.528697	0.00817546
17	0.519968	0.528184	0.00771066
18	0.503798	0.526829	0.00740034
19	0.512781	0.52609	0.00704769
20	0.511973	0.525384	0.00673056
1	0.503728	0.503728	0
2	0.504644	0.504186	0.0003239
3	0.543032	0.517135	0.0105748
4	0.575972	0.531844	0.0150059
5	0.525681	0.530611	0.0120552
6	0.520528	0.528931	0.0101625
7	0.558793	0.533197	0.00956427
8	0.491937	0.528039	0.00965976
9	0.53624	0.52895	0.00862932
10	0.528072	0.528863	0.00776683
11	0.550029	0.530787	0.00729522
12	0.520644	0.529942	0.00673608
13	0.532313	0.530124	0.00622039
14	0.558286	0.532136	0.00609266
15	0.535242	0.532343	0.00569
16	0.542512	0.532978	0.00536975
17	0.549386	0.533943	0.00513989
18	0.555372	0.535134	0.0049903
19	0.530835	0.534908	0.00473278
20	0.510367	0.533681	0.00465248
1	0.52532	0.52532	0
2	0.546131	0.535726	0.0073576
3	0.494478	0.521977	0.0122509
4	0.482091	0.512005	0.0126093
5	0.51581	0.512766	0.0101104
6	0.553328	0.519526	0.0104437
7	0.480872	0.514004	0.0103088
8	0.514481	0.514064	0.00902034
9	0.477095	0.509956	0.00890439
10	0.501895	0.50915	0.00805035
11	0.471986	0.505772	0.0079961
12	0.514213	0.506475	0.00736063
13	0.490405	0.505239	0.00689746
14	0.500482	0.504899	0.00641314
15	0.51405	0.505509	0.00601455
16	0.526832	0.506842	0.00578439
17	0.485669	0.505596	0.00557661
18	0.483509	0.504369	0.00540011
19	0.503586	0.504328	0.00511605
20	0.507703	0.504497	0.00486303
1	0.50738	0.50738	0
2	0.480241	0.49381	0.0095953
3	0.518695	0.502105	0.00931609
4	0.540018	0.511584	0.0107795
5	0.568679	0.523003	0.0133672
6	0.475008	0.515004	0.0133193
7	0.501086	0.513015	0.011564
8	0.504781	0.511986	0.0101642
9	0.508881	0.511641	0.00904071
10	0.493023	0.509779	0.00832613
11	0.501413	0.509019	0.00760387
12	0.511925	0.509261	0.00697407
13	0.539536	0.51159	0.00681536
14	0.474685	0.508954	0.0068193
15	0.481647	0.507133	0.0066032
16	0.487953	0.505935	0.00629837
17	0.545677	0.508272	0.00634694
18	0.507627	0.508236	0.00599444
19	0.540779	0.509949	0.00591857
20	0.512284	0.510066	0.0056238
1	0.54795	0.54795	0
2	0.555855	0.551903	0.00279489
3	0.519416	0.541074	0.00903605
4	0.563755	0.546744	0.0083692
5	0.573495	0.552094	0.00822964
6	0.478737	0.539868	0.0130996
7	0.497094	0.533757	0.0125729
8	0.486444	0.527843	0.012314
9	0.492561	0.523923	0.0115529
10	0.556479	0.527179	0.0108466
11	0.524795	0.526962	0.00986274
12	0.481986	0.523214	0.00972696
13	0.49772	0.521253	0.00917429
14	0.515642	0.520852	0.00852773
15	0.491418	0.51889	0.00818187
16	0.518965	0.518894	0.0076705
17	0.469438	0.515985	0.00775138
18	0.537726	0.517193	0.00741425
19	0.506544	0.516633	0.00704518
20	0.487429	0.515172	0.00684257
1	0.490163	0.490163	0
2	0.487075	0.488619	0.00109183
3	0.455603	0.477614	0.00901521
4	0.510112	0.485738	0.00975819
5	0.510716	0.490734	0.00899485
6	0.461708	0.485896	0.00869985
7	0.495852	0.487319	0.00757239
8	0.496323	0.488444	0.00670898
9	0.507687	0.490582	0.00629502
10	0.521758	0.4937	0.00639103
11	0.499846	0.494259	0.00583439
12	0.494239	0.494257	0.00534819
13	0.501093	0.494783	0.00496258
14	0.49961	0.495128	0.00462007
15	0.507772	0.49597	0.00438829
16	0.460502	0.493754	0.00464028
17	0.502467	0.494266	0.00439554
18	0.442074	0.491367	0.00501738
19	0.51534	0.492628	0.00490939
20	0.516026	0.493798	0.00480129
1	0.420698	0.420698	0
2	0.442283	0.43149	0.00763162
3	0.470837	0.444606	0.011856
4	0.426971	0.440197	0.00967712
5	0.341171	0.420392	0.0193321
6	0.410242	0.4187	0.016184
7	0.515598	0.432543	0.0188858
8	0.446251	0.434256	0.0166026
9	0.539961	0.446001	0.0184503
10	0.477668	0.449168	0.0168748
11	0.500579	0.453842	0.0159749
12	0.43671	0.452414	0.0147073
13	0.485596	0.454966	0.0137957
14	0.469977	0.456039	0.0128519
15	0.502894	0.459162	0.0123689
16	0.456634	0.459004	0.0115968
17	0.527693	0.463045	0.0115972
18	0.46353	0.463072	0.0109529
19	0.455729	0.462685	0.0103833
20	0.458133	0.462458	0.00986661
1	0.393931	0.393931	0
2	0.471622	0.432777	0.027468
3	0.445189	0.436914	0.018621
4	0.454087	0.441207	0.0144522
5	0.475852	0.448136	0.013118
6	0.377843	0.436421	0.0152932
7	0.528642	0.449595	0.0179054
8	0.453216	0.450048	0.0156729
9	0.432473	0.448095	0.0140526
10	0.426235	0.445909	0.0128163
11	0.446751	0.445986	0.0116514
12	0.441532	0.445614	0.0106863
13	0.488626	0.448923	0.0103638
14	0.371345	0.443382	0.0110057
15	0.490775	0.446541	0.0107159
16	0.414853	0.444561	0.0102276
17	0.357055	0.439413	0.0108442
18	0.436881	0.439273	0.0102426
19	0.431662	0.438872	0.00971138
20	0.477322	0.440795	0.00941418
1	0.453068	0.453068	0
2	0.355882	0.404475	0.0343604
3	0.288094	0.365681	0.0390899
4	0.514525	0.402892	0.0435661
5	0.36244	0.394802	0.0355962
6	0.44936	0.403895	0.030803
7	0.407921	0.40447	0.026408
8	0.355665	0.398369	0.0238012
9	0.402049	0.398778	0.0211601
10	0.288076	0.387708	0.021748
11	0.434527	0.391964	0.0201831
12	0.401452	0.392755	0.0185166
13	0.381917	0.391921	0.017111
14	0.429645	0.394616	0.0160996
15	0.449819	0.398296	0.0154412
16	0.467953	0.40265	0.0150774
17	0.407436	0.402931	0.0141931
18	0.505298	0.408618	0.0144993
19	0.425814	0.409523	0.0137644
20	0.332958	0.405695	0.0135981
1	0.405085	0.405085	0
2	0.317924	0.361504	0.0308164
3	0.351204	0.358071	0.0207346
4	0.325699	0.349978	0.0170574
5	0.300475	0.340077	0.0162675
6	0.353391	0.342296	0.0137067
7	0.3107	0.337783	0.0124697
8	0.417825	0.347788	0.0143751
9	0.34556	0.34754	0.01278
10	0.447098	0.357496	0.0148829
11	0.403342	0.361664	0.0141014
12	0.468156	0.370538	0.0154687
13	0.450559	0.376694	0.0154551
14	0.294064	0.370792	0.015437
15	0.33879	0.368658	0.0145546
16	0.45081	0.373793	0.0145224
17	0.285235	0.368583	0.0145725
18	0.383058	0.369387	0.0137851
19	0.402161	0.371112	0.013167
20	0.306768	0.367895	0.0128957
1	0.289066	0.289066	0
2	0.325315	0.307191	0.012816
3	0.420208	0.344863	0.031924
4	0.372672	0.351816	0.0246884
5	0.376539	0.35676	0.0202398
6	0.246261	0.338344	0.0238143
7	0.294632	0.332099	0.0212152
8	0.323072	0.330971	0.0185933
9	0.419766	0.340837	0.0189652
10	0.290012	0.335754	0.0177366
11	0.35004	0.337053	0.0161717
12	0.312641	0.335019	0.0149515
13	0.240419	0.327742	0.0154712
14	0.382497	0.331653	0.0148522
15	0.501217	0.342957	0.0176472
16	0.255873	0.337514	0.0173633
17	0.381999	0.340131	0.016538
18	0.307917	0.338341	0.0157157
19	0.397412	0.34145	0.015193
20	0.366234	0.34269	0.0144838
1	0.288622	0.288622	0
2	0.363724	0.326173	0.0265524
3	0.33942	0.330589	0.0180651
4	0.441693	0.358365	0.027608
5	0.19723	0.326138	0.0363134
6	0.313401	0.324015	0.0303232
7	0.311567	0.322237	0.0260434
8	0.334583	0.32378	0.0228336
9	0.364542	0.328309	0.0207409
10	0.399246	0.335403	0.0198428
11	0.275539	0.329961	0.0187704
12	0.306229	0.327983	0.0173101
13	0.365004	0.330831	0.0162111
14	0.316325	0.329795	0.0150862
15	0.310656	0.328519	0.0141343
16	0.220451	0.321765	0.0147769
17	0.299248	0.32044	0.0139669
18	0.303364	0.319491	0.0132231
19	0.331965	0.320148	0.0125434
20	0.33046	0.320663	0.0119269
1	0.166058	0.166058	0
2	0.256373	0.211216	0.0319309
3	0.201286	0.207906	0.0214581
4	0.248171	0.217972	0.018303
5	0.278814	0.23014	0.0182444
6	0.240737	0.231907	0.0152889
7	0.293602	0.24072	0.0154376
8	0.250657	0.241962	0.0135578
9	0.247706	0.242601	0.0120663
10	0.312456	0.249586	0.0127221
11	0.217232	0.246645	0.0119007
12	0.253834	0.247244	0.010924
13	0.236898	0.246448	0.0101127
14	0.275266	0.248506	0.00959754
15	0.185023	0.244274	0.00984672
16	0.35094	0.250941	0.0112642
17	0.210104	0.248539	0.0108547
18	0.274298	0.24997	0.0103456
19	0.333334	0.254357	0.0106911
20	0.388665	0.261073	0.0120829
