1	-0.462928	-0.462928	0
2	-0.467338	-0.465133	0.00155945
3	-0.467226	-0.465831	0.0011855
4	-0.468088	-0.466395	0.00101456
5	-0.466927	-0.466501	0.000817216
6	-0.468112	-0.46677	0.000723762
7	-0.463972	-0.46637	0.000722376
8	-0.465172	-0.46622	0.000647416
9	-0.465349	-0.466124	0.000582675
10	-0.464131	-0.465924	0.000557445
11	-0.464385	-0.465784	0.000524036
12	-0.467267	-0.465908	0.000494716
13	-0.464275	-0.465782	0.000472345
14	-0.46566	-0.465774	0.000438687
15	-0.468067	-0.465927	0.00043528
16	-0.468888	-0.466112	0.000445702
17	-0.466058	-0.466108	0.000419496
18	-0.463908	-0.465986	0.000413617
19	-0.465836	-0.465978	0.000391923
20	-0.463221	-0.46584	0.000395833
1	-0.472332	-0.472332	0
2	-0.470365	-0.471349	0.000695312
3	-0.469701	-0.470799	0.000644905
4	-0.467501	-0.469975	0.000862541
5	-0.469474	-0.469875	0.000695832
6	-0.468693	-0.469678	0.000607082
7	-0.470042	-0.46973	0.000522579
8	-0.46779	-0.469487	0.000510389
9	-0.468394	-0.469366	0.000467913
10	-0.468177	-0.469247	0.000435965
11	-0.468782	-0.469205	0.000398377
12	-0.467596	-0.469071	0.000387068
13	-0.46979	-0.469126	0.000361227
14	-0.465121	-0.46884	0.000434141
15	-0.468339	-0.468806	0.000406478
16	-0.47116	-0.468954	0.000406828
17	-0.470404	-0.469039	0.00039174
18	-0.469171	-0.469046	0.000370045
19	-0.470342	-0.469114	0.000356797
20	-0.468067	-0.469062	0.000342781
1	-0.473942	-0.473942	0
2	-0.472741	-0.473342	0.000424717
3	-0.471949	-0.472877	0.00047318
4	-0.474386	-0.473254	0.000482271
5	-0.470289	-0.472661	0.000655888
6	-0.469474	-0.47213	0.000730642
7	-0.47291	-0.472242	0.000634702
8	-0.470528	-0.472027	0.000590384
9	-0.475561	-0.47242	0.000642182
10	-0.473564	-0.472534	0.000588073
11	-0.470992	-0.472394	0.00055107
12	-0.470425	-0.47223	0.000529016
13	-0.471842	-0.4722	0.000489163
14	-0.472519	-0.472223	0.000454753
15	-0.469987	-0.472074	0.000448196
16	-0.472798	-0.472119	0.000422463
17	-0.468933	-0.471932	0.000437214
18	-0.470938	-0.471877	0.000416396
19	-0.474049	-0.471991	0.000409872
20	-0.472021	-0.471992	0.000389381
1	-0.47536	-0.47536	0
2	-0.471209	-0.473284	0.00146761
3	-0.476501	-0.474357	0.00131303
4	-0.474982	-0.474513	0.00099404
5	-0.476477	-0.474906	0.000869366
6	-0.475404	-0.474989	0.000728431
7	-0.471658	-0.474513	0.000764125
8	-0.476225	-0.474727	0.000697942
9	-0.475986	-0.474867	0.00063426
10	-0.475803	-0.47496	0.000577698
11	-0.473605	-0.474837	0.000538155
12	-0.473657	-0.474739	0.000502209
13	-0.478276	-0.475011	0.000532204
14	-0.475099	-0.475017	0.000494227
15	-0.476853	-0.47514	0.000476192
16	-0.477394	-0.475281	0.000466799
17	-0.476436	-0.475349	0.000444261
18	-0.476304	-0.475402	0.00042274
19	-0.475284	-0.475395	0.000400536
20	-0.475565	-0.475404	0.000380598
1	-0.478518	-0.478518	0
2	-0.477841	-0.478179	0.000239398
3	-0.481351	-0.479237	0.000878023
4	-0.478794	-0.479126	0.000665437
5	-0.478439	-0.478989	0.000546354
6	-0.47825	-0.478866	0.000468962
7	-0.477699	-0.478699	0.000430549
8	-0.476517	-0.478426	0.000454968
9	-0.480775	-0.478687	0.000473371
10	-0.47752	-0.47857	0.000440187
11	-0.478553	-0.478569	0.000400173
12	-0.479881	-0.478678	0.000381477
13	-0.476806	-0.478534	0.000378339
14	-0.479574	-0.478608	0.000358537
15	-0.477524	-0.478536	0.000341849
16	-0.478963	-0.478563	0.000321524
17	-0.479674	-0.478628	0.000309187
18	-0.47742	-0.478561	0.000299204
19	-0.475756	-0.478413	0.00031781
20	-0.478943	-0.47844	0.00030302
1	-0.483123	-0.483123	0
2	-0.483299	-0.483211	6.22254e-05
3	-0.481246	-0.482556	0.000536618
4	-0.483819	-0.482872	0.000486562
5	-0.480421	-0.482382	0.000586298
6	-0.482778	-0.482448	0.000492279
7	-0.480987	-0.482239	0.000464092
8	-0.478017	-0.481711	0.000639262
9	-0.481945	-0.481737	0.000568759
10	-0.483694	-0.481933	0.00054452
11	-0.481679	-0.48191	0.000495509
12	-0.482884	-0.481991	0.000460814
13	-0.479281	-0.481782	0.000470153
14	-0.482011	-0.481799	0.000436855
15	-0.483706	-0.481926	0.000425837
16	-0.477898	-0.481674	0.000467757
17	-0.480706	-0.481617	0.000443698
18	-0.481331	-0.481601	0.000419333
19	-0.482332	-0.48164	0.00039902
20	-0.478848	-0.4815	0.000402744
1	-0.483052	-0.483052	0
2	-0.483863	-0.483457	0.000286887
3	-0.483488	-0.483468	0.000191445
4	-0.483807	-0.483553	0.000161322
5	-0.484463	-0.483735	0.0002078
6	-0.486	-0.484112	0.000385724
7	-0.488937	-0.484802	0.000718727
8	-0.486367	-0.484997	0.000654966
9	-0.485796	-0.485086	0.000588168
10	-0.485954	-0.485173	0.000535725
11	-0.484794	-0.485138	0.000488126
12	-0.485941	-0.485205	0.000452007
13	-0.48432	-0.485137	0.000422331
14	-0.488142	-0.485352	0.000443368
15	-0.48489	-0.485321	0.000414879
16	-0.482172	-0.485124	0.000433116
17	-0.484755	-0.485103	0.000408182
18	-0.486932	-0.485204	0.000397965
19	-0.485268	-0.485208	0.000377034
20	-0.4863	-0.485262	0.000362119
1	-0.48769	-0.48769	0
2	-0.487068	-0.487379	0.000219825
3	-0.487123	-0.487293	0.00016227
4	-0.486642	-0.48713	0.000186268
5	-0.491431	-0.487991	0.000783536
6	-0.488484	-0.488073	0.000657248
7	-0.486994	-0.487919	0.000581142
8	-0.488637	-0.488008	0.000515384
9	-0.489553	-0.48818	0.000485851
10	-0.486595	-0.488022	0.000462389
11	-0.485827	-0.487822	0.000461391
12	-0.485431	-0.487623	0.000463963
13	-0.489388	-0.487759	0.000447701
14	-0.487741	-0.487757	0.000415724
15	-0.488571	-0.487812	0.000391535
16	-0.486958	-0.487758	0.000370685
17	-0.487782	-0.48776	0.000348883
18	-0.486342	-0.487681	0.00033827
19	-0.487801	-0.487687	0.000320525
20	-0.4841	-0.487508	0.000351104
1	-0.488258	-0.488258	0
2	-0.49142	-0.489839	0.00111805
3	-0.49052	-0.490066	0.000768059
4	-0.490448	-0.490162	0.000581967
5	-0.490875	-0.490304	0.00048276
6	-0.490017	-0.490256	0.00040466
7	-0.48637	-0.489701	0.000620057
8	-0.495938	-0.490481	0.000908964
9	-0.490045	-0.490433	0.000809256
10	-0.492965	-0.490686	0.000766922
11	-0.488242	-0.490464	0.000728681
12	-0.490978	-0.490506	0.000669215
13	-0.486396	-0.49019	0.000688397
14	-0.490795	-0.490233	0.000640582
15	-0.490996	-0.490284	0.000599888
16	-0.49128	-0.490346	0.000565613
17	-0.492107	-0.49045	0.000541743
18	-0.492847	-0.490583	0.000527762
19	-0.48867	-0.490482	0.000509503
20	-0.489161	-0.490416	0.000488296
1	-0.492579	-0.492579	0
2	-0.494561	-0.49357	0.000700913
3	-0.492726	-0.493289	0.000520679
4	-0.493114	-0.493245	0.000392339
5	-0.495302	-0.493657	0.000483699
6	-0.493551	-0.493639	0.000403404
7	-0.493278	-0.493587	0.000349056
8	-0.493372	-0.49356	0.000306457
9	-0.49459	-0.493675	0.000292978
10	-0.495464	-0.493854	0.000313597
11	-0.491481	-0.493638	0.000351545
12	-0.496513	-0.493878	0.000395561
13	-0.495809	-0.494026	0.000392047
14	-0.496317	-0.49419	0.000396734
15	-0.492695	-0.49409	0.000382595
16	-0.49673	-0.494255	0.000392658
17	-0.494482	-0.494269	0.000369787
18	-0.497199	-0.494431	0.000383413
19	-0.494935	-0.494458	0.000364146
20	-0.497435	-0.494607	0.000375123
1	-0.497708	-0.497708	0
2	-0.497452	-0.49758	9.03682e-05
3	-0.499558	-0.498239	0.000541671
4	-0.500176	-0.498724	0.000583903
5	-0.500474	-0.499074	0.000562397
6	-0.499588	-0.499159	0.00047516
7	-0.4999	-0.499265	0.000418891
8	-0.498584	-0.49918	0.000375097
9	-0.497569	-0.499001	0.000373678
10	-0.49835	-0.498936	0.000341944
11	-0.499939	-0.499027	0.000322789
12	-0.500541	-0.499153	0.000319602
13	-0.496398	-0.498941	0.00035849
14	-0.494944	-0.498656	0.000431853
15	-0.495326	-0.498434	0.000456571
16	-0.49908	-0.498474	0.000429817
17	-0.497641	-0.498425	0.000407318
18	-0.500494	-0.49854	0.000400572
19	-0.499353	-0.498583	0.000381766
20	-0.496574	-0.498482	0.000375653
1	-0.502076	-0.502076	0
2	-0.50164	-0.501858	0.000154178
3	-0.500941	-0.501552	0.000269893
4	-0.498655	-0.500828	0.000659081
5	-0.499556	-0.500574	0.000574295
6	-0.50151	-0.50073	0.000499329
7	-0.497072	-0.500207	0.000645888
8	-0.498488	-0.499992	0.000599842
9	-0.500599	-0.50006	0.000536972
10	-0.500128	-0.500066	0.000483318
11	-0.501564	-0.500203	0.000458148
12	-0.498249	-0.50004	0.000447952
13	-0.506681	-0.500551	0.000641753
14	-0.50014	-0.500521	0.000596582
15	-0.5002	-0.5005	0.000557194
16	-0.49936	-0.500429	0.000526904
17	-0.498975	-0.500343	0.0005028
18	-0.503584	-0.500523	0.000506084
19	-0.502673	-0.500636	0.000491928
20	-0.501114	-0.50066	0.00046791
1	-0.505191	-0.505191	0
2	-0.505002	-0.505097	6.67509e-05
3	-0.505989	-0.505394	0.000246966
4	-0.50703	-0.505803	0.000399742
5	-0.505949	-0.505832	0.000320849
6	-0.503893	-0.505509	0.000398198
7	-0.50613	-0.505598	0.000351045
8	-0.503505	-0.505336	0.000392723
9	-0.50385	-0.505171	0.00038222
10	-0.503173	-0.504971	0.000392756
11	-0.50357	-0.504844	0.000377156
12	-0.505181	-0.504872	0.000346772
13	-0.506084	-0.504965	0.000332402
14	-0.501695	-0.504732	0.000382004
15	-0.503427	-0.504645	0.000366305
16	-0.500256	-0.50437	0.000434134
17	-0.504163	-0.504358	0.000408769
18	-0.505845	-0.504441	0.000394315
19	-0.505169	-0.504479	0.00037542
20	-0.505336	-0.504522	0.000359086
1	-0.509869	-0.509869	0
2	-0.506719	-0.508294	0.00111341
3	-0.509358	-0.508649	0.000796742
4	-0.505514	-0.507865	0.000904158
5	-0.505473	-0.507387	0.00084042
6	-0.508213	-0.507524	0.000711547
7	-0.508362	-0.507644	0.000619874
8	-0.509499	-0.507876	0.000584163
9	-0.508825	-0.507981	0.000528685
10	-0.510508	-0.508234	0.000532776
11	-0.508245	-0.508235	0.000484343
12	-0.508502	-0.508257	0.000444493
13	-0.508805	-0.508299	0.000412293
14	-0.505982	-0.508134	0.000414731
15	-0.505633	-0.507967	0.00041927
16	-0.50545	-0.50781	0.00042155
17	-0.506457	-0.50773	0.000404192
18	-0.510526	-0.507886	0.000410503
19	-0.508555	-0.507921	0.000390408
20	-0.509817	-0.508016	0.000382227
1	-0.510393	-0.510393	0
2	-0.50953	-0.509961	0.000305216
3	-0.513126	-0.511016	0.000884983
4	-0.511211	-0.511065	0.000665077
5	-0.510703	-0.510993	0.000535976
6	-0.513302	-0.511377	0.000568295
7	-0.511284	-0.511364	0.000487267
8	-0.511222	-0.511346	0.000426681
9	-0.513913	-0.511631	0.000464892
10	-0.510064	-0.511475	0.000444056
11	-0.508171	-0.511174	0.000494938
12	-0.513598	-0.511376	0.000493196
13	-0.514256	-0.511598	0.000502558
14	-0.511441	-0.511587	0.000466785
15	-0.510534	-0.511517	0.000440908
16	-0.516108	-0.511803	0.000498045
17	-0.513956	-0.51193	0.000484576
18	-0.512186	-0.511944	0.000457864
19	-0.50983	-0.511833	0.000447084
20	-0.511489	-0.511816	0.000425061
1	-0.515669	-0.515669	0
2	-0.514052	-0.51486	0.000571597
3	-0.517469	-0.51573	0.000805734
4	-0.515617	-0.515702	0.000604792
5	-0.517965	-0.516154	0.000630929
6	-0.51608	-0.516142	0.000525897
7	-0.51754	-0.516342	0.000487223
8	-0.51403	-0.516053	0.000504767
9	-0.517888	-0.516257	0.000488119
10	-0.51235	-0.515866	0.000574754
11	-0.514787	-0.515768	0.000530802
12	-0.52044	-0.516157	0.000612953
13	-0.516142	-0.516156	0.000565804
14	-0.513799	-0.515988	0.000549874
15	-0.513458	-0.515819	0.000538454
16	-0.515018	-0.515769	0.000507123
17	-0.514041	-0.515667	0.000487377
18	-0.514994	-0.51563	0.000461733
19	-0.514476	-0.515569	0.000441404
20	-0.515893	-0.515585	0.00041963
1	-0.520471	-0.520471	0
2	-0.520675	-0.520573	7.204e-05
3	-0.519837	-0.520328	0.000205959
4	-0.518076	-0.519765	0.000511478
5	-0.518102	-0.519432	0.000505827
6	-0.519518	-0.519447	0.000421725
7	-0.519629	-0.519473	0.000362279
8	-0.521138	-0.519681	0.000372023
9	-0.521515	-0.519885	0.000382452
10	-0.521317	-0.520028	0.000370063
11	-0.520061	-0.520031	0.000336433
12	-0.519872	-0.520018	0.000308657
13	-0.518501	-0.519901	0.000306159
14	-0.519514	-0.519873	0.000285537
15	-0.518855	-0.519806	0.000274449
16	-0.520429	-0.519844	0.000260046
17	-0.519648	-0.519833	0.000245006
18	-0.518416	-0.519754	0.000243712
19	-0.516164	-0.519565	0.00029518
20	-0.518265	-0.5195	0.000287487
1	-0.523401	-0.523401	0
2	-0.523713	-0.523557	0.000110054
3	-0.526819	-0.524644	0.000890906
4	-0.524168	-0.524525	0.000676097
5	-0.525865	-0.524793	0.000591567
6	-0.520258	-0.524037	0.000847954
7	-0.52155	-0.523682	0.000797827
8	-0.522594	-0.523546	0.00070959
9	-0.522275	-0.523405	0.000644655
10	-0.522458	-0.52331	0.000587096
11	-0.520136	-0.523021	0.000600476
12	-0.525435	-0.523223	0.000583153
13	-0.519382	-0.522927	0.000608531
14	-0.524962	-0.523073	0.000582155
15	-0.52312	-0.523076	0.000543354
16	-0.519034	-0.522823	0.000565074
17	-0.521804	-0.522763	0.000535002
18	-0.524971	-0.522886	0.000519147
19	-0.522732	-0.522878	0.000491887
20	-0.525609	-0.523014	0.000485886
1	-0.526362	-0.526362	0
2	-0.526057	-0.52621	0.000107763
3	-0.527247	-0.526555	0.000291204
4	-0.526299	-0.526491	0.000225362
5	-0.526544	-0.526502	0.000180532
6	-0.524113	-0.526104	0.000393317
7	-0.525969	-0.526084	0.000337598
8	-0.527944	-0.526317	0.00036678
9	-0.527859	-0.526488	0.00036385
10	-0.525689	-0.526408	0.000336129
11	-0.52752	-0.526509	0.000320399
12	-0.524575	-0.526348	0.000331793
13	-0.528162	-0.526488	0.000334334
14	-0.528087	-0.526602	0.000329387
15	-0.523568	-0.5264	0.000364263
16	-0.524786	-0.526299	0.000355178
17	-0.525904	-0.526276	0.000335044
18	-0.524861	-0.526197	0.000325519
19	-0.525163	-0.526143	0.000312906
20	-0.526795	-0.526175	0.000298957
1	-0.531184	-0.531184	0
2	-0.531175	-0.53118	3.0547e-06
3	-0.532264	-0.531541	0.0002951
4	-0.528306	-0.530732	0.000734621
5	-0.532253	-0.531036	0.000647645
6	-0.530804	-0.530998	0.000540866
7	-0.529989	-0.530853	0.000482409
8	-0.527444	-0.530427	0.000580617
9	-0.527503	-0.530102	0.000600194
10	-0.530014	-0.530093	0.000540239
11	-0.532492	-0.530312	0.000533323
12	-0.532956	-0.530532	0.000532471
13	-0.531568	-0.530612	0.000497444
14	-0.530801	-0.530625	0.000462096
15	-0.530849	-0.53064	0.000431532
16	-0.529436	-0.530565	0.000411069
17	-0.532043	-0.530652	0.000395976
18	-0.5299	-0.53061	0.000376173
19	-0.527564	-0.53045	0.000389032
20	-0.527804	-0.530317	0.000391419
1	-0.532258	-0.532258	0
2	-0.532185	-0.532221	2.5569e-05
3	-0.53713	-0.533858	0.00133616
4	-0.534356	-0.533982	0.00100791
5	-0.533059	-0.533798	0.000823073
6	-0.533829	-0.533803	0.00068591
7	-0.536016	-0.534119	0.000656742
8	-0.533658	-0.534061	0.000577165
9	-0.53589	-0.534265	0.000547637
10	-0.537056	-0.534544	0.000559495
11	-0.533837	-0.534479	0.000512311
12	-0.534627	-0.534492	0.000469766
13	-0.534881	-0.534522	0.000434584
14	-0.534986	-0.534555	0.000404804
15	-0.535752	-0.534635	0.000385612
16	-0.536347	-0.534742	0.000376071
17	-0.532456	-0.534607	0.00037722
18	-0.532349	-0.534482	0.000376548
19	-0.532472	-0.534376	0.000371282
20	-0.533749	-0.534345	0.000354038
1	-0.536423	-0.536423	0
2	-0.536607	-0.536515	6.51104e-05
3	-0.53671	-0.53658	6.84699e-05
4	-0.535042	-0.536195	0.00033702
5	-0.539498	-0.536856	0.000649408
6	-0.539326	-0.537268	0.000658839
7	-0.537196	-0.537257	0.0005648
8	-0.536212	-0.537127	0.000509081
9	-0.536246	-0.537029	0.000461816
10	-0.539817	-0.537308	0.000492665
11	-0.538595	-0.537425	0.00046156
12	-0.538608	-0.537523	0.000433498
13	-0.536254	-0.537426	0.000411006
14	-0.533989	-0.53718	0.000448993
15	-0.537324	-0.53719	0.000419163
16	-0.53271	-0.53691	0.000477418
17	-0.534777	-0.536784	0.000465524
18	-0.536524	-0.53677	0.000439886
19	-0.537124	-0.536788	0.00041713
20	-0.536698	-0.536784	0.000396298
1	-0.54319	-0.54319	0
2	-0.54113	-0.54216	0.00072849
3	-0.54244	-0.542253	0.000491619
4	-0.539866	-0.541657	0.000634861
5	-0.541079	-0.541541	0.000518303
6	-0.541803	-0.541585	0.000433749
7	-0.54213	-0.541662	0.000378711
8	-0.543508	-0.541893	0.000395443
9	-0.543489	-0.54207	0.000389248
10	-0.542609	-0.542124	0.000354024
11	-0.541345	-0.542053	0.000328847
12	-0.544492	-0.542257	0.000358781
13	-0.541355	-0.542187	0.000337818
14	-0.542138	-0.542184	0.000313706
15	-0.541867	-0.542163	0.0002935
16	-0.542124	-0.54216	0.000275166
17	-0.53996	-0.542031	0.000287816
18	-0.541646	-0.54201	0.00027262
19	-0.538822	-0.541842	0.000305568
20	-0.539015	-0.5417	0.000321325
1	-0.544494	-0.544494	0
2	-0.5442	-0.544347	0.000103945
3	-0.544882	-0.544525	0.000161198
4	-0.547353	-0.545232	0.000623972
5	-0.546025	-0.545391	0.000518916
6	-0.546149	-0.545517	0.000447552
7	-0.544054	-0.545308	0.000429642
8	-0.543134	-0.545036	0.000453806
9	-0.546345	-0.545182	0.000426046
10	-0.547262	-0.54539	0.000431227
11	-0.540796	-0.544972	0.000558789
12	-0.543721	-0.544868	0.000521859
13	-0.544704	-0.544855	0.000481868
14	-0.546607	-0.544981	0.000463413
15	-0.544433	-0.544944	0.000433952
16	-0.545979	-0.545009	0.000411624
17	-0.544979	-0.545007	0.000387414
18	-0.546668	-0.545099	0.00037672
19	-0.544695	-0.545078	0.000357493
20	-0.547383	-0.545193	0.000357721
1	-0.551365	-0.551365	0
2	-0.55108	-0.551223	0.000100777
3	-0.547267	-0.549904	0.00107866
4	-0.550365	-0.550019	0.000815122
5	-0.548109	-0.549637	0.000736192
6	-0.549036	-0.549537	0.00062029
7	-0.54911	-0.549476	0.000534663
8	-0.553416	-0.549969	0.000656564
9	-0.552518	-0.550252	0.000641826
10	-0.551901	-0.550417	0.000598463
11	-0.551793	-0.550542	0.000556972
12	-0.5512	-0.550597	0.000513249
13	-0.552069	-0.55071	0.000486096
14	-0.547927	-0.550511	0.000490331
15	-0.552385	-0.550636	0.000473292
16	-0.54668	-0.550389	0.000504187
17	-0.545277	-0.550088	0.00055703
18	-0.548728	-0.550013	0.000531185
19	-0.549567	-0.549989	0.000503745
20	-0.551896	-0.550084	0.000487494
1	-0.554867	-0.554867	0
2	-0.553924	-0.554396	0.000333641
3	-0.554692	-0.554494	0.000236582
4	-0.554062	-0.554386	0.000200587
5	-0.55033	-0.553575	0.000743075
6	-0.551664	-0.553257	0.000684093
7	-0.55513	-0.553524	0.000636562
8	-0.557081	-0.553969	0.00069511
9	-0.553652	-0.553933	0.000618768
10	-0.552833	-0.553823	0.000566598
11	-0.552675	-0.553719	0.000524613
12	-0.55221	-0.553593	0.000495745
13	-0.558207	-0.553948	0.000570688
14	-0.551041	-0.553741	0.000566449
15	-0.550209	-0.553505	0.00057554
16	-0.552211	-0.553424	0.000545221
17	-0.553441	-0.553425	0.00051315
18	-0.55399	-0.553457	0.000485599
19	-0.556334	-0.553608	0.000483082
20	-0.553199	-0.553588	0.00045936
1	-0.560516	-0.560516	0
2	-0.557376	-0.558946	0.00111016
3	-0.559212	-0.559034	0.000743629
4	-0.554022	-0.557781	0.00122024
5	-0.554186	-0.557062	0.00116904
6	-0.557448	-0.557126	0.000975974
7	-0.559471	-0.557461	0.000892193
8	-0.558164	-0.557549	0.000784978
9	-0.558811	-0.557689	0.000710162
10	-0.558375	-0.557758	0.000642443
11	-0.559751	-0.557939	0.000609049
12	-0.558852	-0.558015	0.000563022
13	-0.558777	-0.558074	0.000522751
14	-0.556109	-0.557933	0.00050389
15	-0.555945	-0.557801	0.000487427
16	-0.557071	-0.557755	0.000459091
17	-0.557284	-0.557728	0.000432921
18	-0.557648	-0.557723	0.000408893
19	-0.557795	-0.557727	0.000387389
20	-0.560051	-0.557843	0.000385062
1	-0.56272	-0.56272	0
2	-0.559727	-0.561224	0.00105831
3	-0.560925	-0.561124	0.000710212
4	-0.565957	-0.562332	0.00117408
5	-0.563032	-0.562472	0.00094758
6	-0.561442	-0.562301	0.00080505
7	-0.562799	-0.562372	0.000693178
8	-0.562508	-0.562389	0.000606739
9	-0.562226	-0.562371	0.000539592
10	-0.559419	-0.562076	0.000560573
11	-0.562837	-0.562145	0.000513869
12	-0.561497	-0.562091	0.000473872
13	-0.563722	-0.562216	0.000453729
14	-0.560398	-0.562086	0.000439523
15	-0.560201	-0.561961	0.00042781
16	-0.560856	-0.561892	0.000406606
17	-0.565242	-0.562089	0.00042778
18	-0.560416	-0.561996	0.000413992
19	-0.558851	-0.56183	0.000424004
20	-0.562591	-0.561868	0.000404508
1	-0.567115	-0.567115	0
2	-0.565819	-0.566467	0.000458431
3	-0.565509	-0.566148	0.000401814
4	-0.568151	-0.566648	0.000528194
5	-0.562403	-0.565799	0.000869044
6	-0.56711	-0.566018	0.00075115
7	-0.567554	-0.566237	0.000675136
8	-0.565968	-0.566204	0.000591582
9	-0.563583	-0.565912	0.000593204
10	-0.564988	-0.56582	0.000541035
11	-0.564431	-0.565694	0.000506364
12	-0.563714	-0.565529	0.000490297
13	-0.565778	-0.565548	0.000452956
14	-0.56658	-0.565622	0.000426558
15	-0.564118	-0.565521	0.000409734
16	-0.565726	-0.565534	0.000384325
17	-0.563405	-0.565409	0.000381582
18	-0.564918	-0.565382	0.000361358
19	-0.564694	-0.565345	0.000344148
20	-0.56798	-0.565477	0.000351252
1	-0.569016	-0.569016	0
2	-0.56803	-0.568523	0.000348632
3	-0.568493	-0.568513	0.000232565
4	-0.572598	-0.569534	0.000901591
5	-0.569512	-0.56953	0.000721284
6	-0.57031	-0.56966	0.000612689
7	-0.570056	-0.569716	0.000527766
8	-0.571404	-0.569927	0.000502178
9	-0.571009	-0.570047	0.000460542
10	-0.566238	-0.569667	0.000549889
11	-0.569896	-0.569687	0.000500296
12	-0.5694	-0.569663	0.000459179
13	-0.572745	-0.5699	0.000481162
14	-0.570336	-0.569932	0.000447795
15	-0.570361	-0.56996	0.000418855
16	-0.566971	-0.569773	0.00043233
17	-0.569356	-0.569749	0.000407596
18	-0.568235	-0.569665	0.000393533
19	-0.570159	-0.569691	0.000373681
20	-0.571403	-0.569776	0.000364676
1	-0.575144	-0.575144	0
2	-0.574873	-0.575008	9.59685e-05
3	-0.574472	-0.57483	0.000159483
4	-0.576607	-0.575274	0.000402954
5	-0.574257	-0.575071	0.000370117
6	-0.575815	-0.575195	0.000328574
7	-0.574544	-0.575102	0.000294472
8	-0.575175	-0.575111	0.000257807
9	-0.572384	-0.574808	0.000366184
10	-0.574825	-0.57481	0.00032957
11	-0.576028	-0.57492	0.000317663
12	-0.577233	-0.575113	0.000344746
13	-0.575366	-0.575133	0.000318776
14	-0.574963	-0.575121	0.000296236
15	-0.575947	-0.575176	0.000281563
16	-0.573093	-0.575045	0.00029251
17	-0.571728	-0.57485	0.000334122
18	-0.574638	-0.574838	0.000315769
19	-0.574202	-0.574805	0.000300918
20	-0.573264	-0.574728	0.000295574
1	-0.581907	-0.581907	0
2	-0.577929	-0.579918	0.00140649
3	-0.578538	-0.579458	0.00101011
4	-0.579204	-0.579395	0.000759566
5	-0.581841	-0.579884	0.000748808
6	-0.581474	-0.580149	0.000669276
7	-0.575353	-0.579464	0.00085525
8	-0.577891	-0.579267	0.000770615
9	-0.581973	-0.579568	0.000741336
10	-0.577497	-0.579361	0.000695529
11	-0.578131	-0.579249	0.000641224
12	-0.576834	-0.579048	0.000618573
13	-0.577279	-0.578912	0.00058576
14	-0.578853	-0.578907	0.000543934
15	-0.581029	-0.579049	0.000525739
16	-0.574847	-0.578786	0.0005546
17	-0.582566	-0.579009	0.000564796
18	-0.576707	-0.578881	0.0005477
19	-0.577352	-0.5788	0.000524747
20	-0.576491	-0.578685	0.000511055
1	-0.582972	-0.582972	0
2	-0.585094	-0.584033	0.000750269
3	-0.580866	-0.582977	0.000996665
4	-0.583339	-0.583068	0.000751583
5	-0.584713	-0.583397	0.000669412
6	-0.581073	-0.583009	0.000660399
7	-0.582114	-0.582882	0.000578318
8	-0.583956	-0.583016	0.000521398
9	-0.581935	-0.582896	0.000477106
10	-0.583562	-0.582962	0.000434023
11	-0.581844	-0.582861	0.000406289
12	-0.580752	-0.582685	0.000408668
13	-0.57994	-0.582474	0.00042832
14	-0.579811	-0.582284	0.000437931
15	-0.580523	-0.582166	0.000424177
16	-0.582103	-0.582162	0.000397685
17	-0.586614	-0.582424	0.000452378
18	-0.580428	-0.582313	0.000440636
19	-0.5848	-0.582444	0.000436449
20	-0.579759	-0.58231	0.000434791
1	-0.586688	-0.586688	0
2	-0.590351	-0.588519	0.00129491
3	-0.586993	-0.588011	0.00095807
4	-0.587202	-0.587809	0.000739548
5	-0.588317	-0.58791	0.000598591
6	-0.585623	-0.587529	0.000608202
7	-0.586221	-0.587342	0.000549264
8	-0.586675	-0.587259	0.000486889
9	-0.587688	-0.587306	0.000435117
10	-0.584756	-0.587051	0.00046031
11	-0.586061	-0.586961	0.000427183
12	-0.58827	-0.587071	0.000405272
13	-0.58657	-0.587032	0.000375924
14	-0.587697	-0.587079	0.000352056
15	-0.583682	-0.586853	0.000394772
16	-0.58696	-0.58686	0.000370156
17	-0.587057	-0.586871	0.000348563
18	-0.586461	-0.586848	0.000329943
19	-0.585829	-0.586795	0.000316911
20	-0.586295	-0.58677	0.00030205
1	-0.591694	-0.591694	0
2	-0.594624	-0.593159	0.00103597
3	-0.591847	-0.592722	0.00077746
4	-0.593378	-0.592886	0.000600143
5	-0.591115	-0.592531	0.000575191
6	-0.591252	-0.592318	0.000517327
7	-0.591747	-0.592237	0.000449814
8	-0.594134	-0.592474	0.000451805
9	-0.593131	-0.592547	0.000407462
10	-0.593549	-0.592647	0.00037884
11	-0.591862	-0.592576	0.00035105
12	-0.591754	-0.592507	0.000328398
13	-0.589593	-0.592283	0.000371867
14	-0.592371	-0.592289	0.000345359
15	-0.591265	-0.592221	0.000329022
16	-0.591725	-0.59219	0.000309916
17	-0.589582	-0.592037	0.000327465
18	-0.588204	-0.591824	0.000372113
19	-0.593254	-0.591899	0.000360067
20	-0.59283	-0.591946	0.000345057
1	-0.598547	-0.598547	0
2	-0.597227	-0.597887	0.000466719
3	-0.597791	-0.597855	0.000312244
4	-0.600209	-0.598444	0.0005609
5	-0.593095	-0.597374	0.00105678
6	-0.596541	-0.597235	0.000889731
7	-0.593216	-0.596661	0.000929599
8	-0.595618	-0.596531	0.00082248
9	-0.598084	-0.596703	0.000748987
10	-0.596216	-0.596654	0.000675674
11	-0.591168	-0.596156	0.000776828
12	-0.597001	-0.596226	0.000715283
13	-0.598384	-0.596392	0.00067925
14	-0.599417	-0.596608	0.000664215
15	-0.596412	-0.596595	0.000620063
16	-0.593032	-0.596372	0.00062002
17	-0.600046	-0.596589	0.000620071
18	-0.59619	-0.596566	0.000586017
19	-0.595232	-0.596496	0.00055937
20	-0.59678	-0.59651	0.000531581
1	-0.600765	-0.600765	0
2	-0.600903	-0.600834	4.87055e-05
3	-0.598895	-0.600188	0.000528716
4	-0.60329	-0.600964	0.00078002
5	-0.604561	-0.601683	0.000896353
6	-0.600404	-0.60147	0.000771875
7	-0.601231	-0.601436	0.000662363
8	-0.596494	-0.600818	0.000818369
9	-0.599046	-0.600621	0.000750742
10	-0.600582	-0.600617	0.000675678
11	-0.601287	-0.600678	0.000616992
12	-0.599236	-0.600558	0.000577156
13	-0.601122	-0.600601	0.00053439
14	-0.600403	-0.600587	0.000496407
15	-0.601805	-0.600668	0.000469904
16	-0.604075	-0.600881	0.000486382
17	-0.602703	-0.600988	0.000469425
18	-0.601592	-0.601022	0.000444541
19	-0.602573	-0.601104	0.000428571
20	-0.600824	-0.60109	0.00040737
1	-0.603458	-0.603458	0
2	-0.607316	-0.605387	0.00136387
3	-0.607328	-0.606034	0.00105156
4	-0.6062	-0.606076	0.000789492
5	-0.606002	-0.606061	0.00063173
6	-0.60358	-0.605648	0.000647823
7	-0.603806	-0.605384	0.00060635
8	-0.604935	-0.605328	0.000533154
9	-0.606774	-0.605489	0.000497542
10	-0.60596	-0.605536	0.00045001
11	-0.608482	-0.605804	0.000482249
12	-0.604871	-0.605726	0.000448289
13	-0.602995	-0.605516	0.00046041
14	-0.608427	-0.605724	0.000472151
15	-0.604506	-0.605643	0.000447597
16	-0.600449	-0.605318	0.000524286
17	-0.609023	-0.605536	0.000536825
18	-0.603053	-0.605398	0.000524431
19	-0.606878	-0.605476	0.000502577
20	-0.607537	-0.605579	0.000487895
1	-0.609644	-0.609644	0
2	-0.60906	-0.609352	0.000206786
3	-0.609585	-0.60943	0.000151725
4	-0.61132	-0.609902	0.000424714
5	-0.610673	-0.610056	0.000366685
6	-0.612377	-0.610443	0.00046699
7	-0.611538	-0.610599	0.000425654
8	-0.609615	-0.610476	0.000389844
9	-0.612542	-0.610706	0.000408525
10	-0.611034	-0.610739	0.000368988
11	-0.606684	-0.61037	0.000485838
12	-0.614215	-0.61069	0.000540768
13	-0.610227	-0.610655	0.000500346
14	-0.609147	-0.610547	0.000476051
15	-0.612676	-0.610689	0.000464988
16	-0.61123	-0.610723	0.000437155
17	-0.613337	-0.610877	0.000437657
18	-0.610153	-0.610836	0.000415184
19	-0.607916	-0.610683	0.000420816
20	-0.609464	-0.610622	0.000404163
1	-0.613889	-0.613889	0
2	-0.611112	-0.6125	0.000982002
3	-0.613784	-0.612928	0.000742064
4	-0.619898	-0.614671	0.00160827
5	-0.616554	-0.615047	0.00133001
6	-0.615588	-0.615137	0.00111139
7	-0.612744	-0.614796	0.00100382
8	-0.617112	-0.615085	0.000919158
9	-0.618731	-0.61549	0.000901902
10	-0.615523	-0.615494	0.000811718
11	-0.612845	-0.615253	0.000772822
12	-0.61389	-0.615139	0.000716717
13	-0.616752	-0.615263	0.000672233
14	-0.615722	-0.615296	0.000625016
15	-0.616609	-0.615384	0.000589445
16	-0.615759	-0.615407	0.000553072
17	-0.617369	-0.615522	0.00053245
18	-0.614835	-0.615484	0.000504235
19	-0.618449	-0.61564	0.000501265
20	-0.614491	-0.615583	0.000479486
1	-0.617721	-0.617721	0
2	-0.619607	-0.618664	0.000666802
3	-0.619721	-0.619016	0.000529476
4	-0.620264	-0.619328	0.000480344
5	-0.619695	-0.619401	0.000389847
6	-0.619766	-0.619462	0.00032957
7	-0.616454	-0.619032	0.000487945
8	-0.618368	-0.618949	0.000433972
9	-0.62195	-0.619283	0.000497601
10	-0.621893	-0.619544	0.000511748
11	-0.61966	-0.619554	0.000465335
12	-0.621006	-0.619675	0.000442009
13	-0.620125	-0.61971	0.00040936
14	-0.621574	-0.619843	0.000401195
15	-0.618351	-0.619744	0.000386578
16	-0.623682	-0.61999	0.00043375
17	-0.620436	-0.620016	0.00040903
18	-0.620518	-0.620044	0.000387256
19	-0.620803	-0.620084	0.000368927
20	-0.620304	-0.620095	0.000350645
1	-0.628466	-0.628466	0
2	-0.625917	-0.627191	0.000901024
3	-0.630024	-0.628136	0.000977315
4	-0.625646	-0.627513	0.00090978
5	-0.625536	-0.627118	0.000809224
6	-0.623477	-0.626511	0.000872695
7	-0.62556	-0.626375	0.000758527
8	-0.624394	-0.626128	0.000702965
9	-0.62668	-0.626189	0.000627527
10	-0.624296	-0.626	0.00059263
11	-0.622064	-0.625642	0.000637665
12	-0.624219	-0.625523	0.000595451
13	-0.623711	-0.625384	0.000565735
14	-0.625154	-0.625367	0.000525565
15	-0.623449	-0.62524	0.000505842
16	-0.625784	-0.625274	0.000475372
17	-0.624708	-0.62524	0.000448571
18	-0.623251	-0.62513	0.000437058
19	-0.625456	-0.625147	0.000414392
20	-0.624028	-0.625091	0.000397432
1	-0.630541	-0.630541	0
2	-0.632222	-0.631381	0.000594139
3	-0.634175	-0.632313	0.000857348
4	-0.630377	-0.631829	0.000767466
5	-0.628627	-0.631188	0.000839647
6	-0.629623	-0.630927	0.000739127
7	-0.628452	-0.630574	0.000713158
8	-0.626961	-0.630122	0.000753551
9	-0.627203	-0.629798	0.000736327
10	-0.630023	-0.62982	0.00066304
11	-0.628154	-0.629669	0.00061983
12	-0.63148	-0.62982	0.000586264
13	-0.628852	-0.629745	0.00054587
14	-0.633991	-0.630049	0.000585076
15	-0.633067	-0.63025	0.000579643
16	-0.631767	-0.630345	0.000551118
17	-0.62859	-0.630242	0.000528273
18	-0.635876	-0.630555	0.000584346
19	-0.632018	-0.630632	0.000558641
20	-0.628868	-0.630543	0.000537621
1	-0.639372	-0.639372	0
2	-0.639686	-0.639529	0.000110789
3	-0.637068	-0.638709	0.000673903
4	-0.63411	-0.637559	0.00111653
5	-0.634847	-0.637017	0.00101649
6	-0.637568	-0.637109	0.000851228
7	-0.635682	-0.636905	0.000753619
8	-0.634098	-0.636554	0.000736592
9	-0.633983	-0.636268	0.000707963
10	-0.637197	-0.636361	0.000643224
11	-0.633424	-0.636094	0.000637761
12	-0.636118	-0.636096	0.000584618
13	-0.637064	-0.63617	0.000544368
14	-0.634805	-0.636073	0.000514145
15	-0.636738	-0.636117	0.000481779
16	-0.634897	-0.636041	0.000457663
17	-0.634627	-0.635958	0.000438234
18	-0.637184	-0.636026	0.000419149
19	-0.640987	-0.636287	0.000471452
20	-0.63713	-0.636329	0.000449759
1	-0.640881	-0.640881	0
2	-0.641576	-0.641228	0.000245479
3	-0.645236	-0.642564	0.00110306
4	-0.638987	-0.64167	0.00113335
5	-0.642954	-0.641927	0.000935334
6	-0.640993	-0.641771	0.000792292
7	-0.639387	-0.641431	0.00074874
8	-0.642402	-0.641552	0.000664919
9	-0.640355	-0.641419	0.000604201
10	-0.638788	-0.641156	0.00059834
11	-0.639637	-0.641018	0.000559657
12	-0.640463	-0.640972	0.000514925
13	-0.641114	-0.640982	0.000475432
14	-0.641483	-0.641018	0.000442812
15	-0.640549	-0.640987	0.000414397
16	-0.642811	-0.641101	0.000403871
17	-0.643074	-0.641217	0.000396441
18	-0.639669	-0.641131	0.000383632
19	-0.642258	-0.64119	0.000367995
20	-0.63886	-0.641074	0.000367581
1	-0.644419	-0.644419	0
2	-0.645718	-0.645068	0.000459139
3	-0.646396	-0.645511	0.000473509
4	-0.646195	-0.645682	0.000384823
5	-0.645627	-0.645671	0.000308013
6	-0.643907	-0.645377	0.000371379
7	-0.646592	-0.645551	0.000356602
8	-0.651151	-0.646251	0.000725358
9	-0.638688	-0.64541	0.00102149
10	-0.646797	-0.645549	0.000928704
11	-0.647784	-0.645752	0.000866226
12	-0.646283	-0.645796	0.000795168
13	-0.644882	-0.645726	0.000737106
14	-0.64585	-0.645735	0.000684509
15	-0.648337	-0.645908	0.000660491
16	-0.645428	-0.645878	0.000619894
17	-0.64285	-0.6457	0.000608484
18	-0.646831	-0.645763	0.000577912
19	-0.647441	-0.645851	0.000554198
20	-0.651756	-0.646147	0.000599985
1	-0.651087	-0.651087	0
2	-0.651174	-0.651131	3.08581e-05
3	-0.650977	-0.651079	4.6602e-05
4	-0.653752	-0.651748	0.000579779
5	-0.647624	-0.650923	0.00087129
6	-0.649881	-0.650749	0.000743188
7	-0.65133	-0.650832	0.000641635
8	-0.653201	-0.651128	0.000626049
9	-0.651293	-0.651147	0.000556755
10	-0.653399	-0.651372	0.000544754
11	-0.649649	-0.651215	0.000517269
12	-0.650791	-0.65118	0.000475368
13	-0.650076	-0.651095	0.000446322
14	-0.647895	-0.650866	0.000469349
15	-0.654709	-0.651123	0.000503135
16	-0.648488	-0.650958	0.0004979
17	-0.64708	-0.65073	0.000518233
18	-0.654154	-0.65092	0.000523198
19	-0.650415	-0.650893	0.000496336
20	-0.65093	-0.650895	0.000471523
1	-0.660779	-0.660779	0
2	-0.656956	-0.658868	0.00135171
3	-0.65631	-0.658015	0.00113861
4	-0.655438	-0.657371	0.00102007
5	-0.659629	-0.657822	0.000910548
6	-0.656735	-0.657641	0.00077663
7	-0.657678	-0.657646	0.0006657
8	-0.65473	-0.657282	0.000674978
9	-0.655082	-0.657037	0.000642708
10	-0.654504	-0.656784	0.000626398
11	-0.656859	-0.656791	0.00056949
12	-0.655436	-0.656678	0.000533102
13	-0.65969	-0.65691	0.000540108
14	-0.656317	-0.656867	0.000503185
15	-0.655388	-0.656769	0.000479209
16	-0.65567	-0.6567	0.000454151
17	-0.65799	-0.656776	0.000433726
18	-0.657077	-0.656793	0.000409953
19	-0.656458	-0.656775	0.000388755
20	-0.654576	-0.656665	0.00038455
1	-0.661587	-0.661587	0
2	-0.663268	-0.662427	0.000594281
3	-0.662718	-0.662524	0.000404017
4	-0.662608	-0.662545	0.000303551
5	-0.66194	-0.662424	0.000265892
6	-0.661075	-0.662199	0.000302062
7	-0.662871	-0.662295	0.000273725
8	-0.661947	-0.662252	0.000242951
9	-0.662976	-0.662332	0.000228892
10	-0.658081	-0.661907	0.000452857
11	-0.662425	-0.661954	0.000414129
12	-0.659788	-0.661773	0.000417113
13	-0.660702	-0.661691	0.000393089
14	-0.664247	-0.661874	0.000405188
15	-0.664008	-0.662016	0.000402389
16	-0.660301	-0.661909	0.000391248
17	-0.662241	-0.661928	0.000368721
18	-0.660911	-0.661872	0.000352541
19	-0.666204	-0.6621	0.000400986
20	-0.661075	-0.662048	0.000384196
1	-0.668376	-0.668376	0
2	-0.669484	-0.66893	0.000391652
3	-0.668809	-0.66889	0.000263181
4	-0.667965	-0.668658	0.000281161
5	-0.665115	-0.66795	0.000672568
6	-0.66609	-0.66764	0.000627863
7	-0.664233	-0.667153	0.000701903
8	-0.663946	-0.666752	0.000719614
9	-0.67072	-0.667193	0.000762842
10	-0.669764	-0.66745	0.000728607
11	-0.670101	-0.667691	0.000701097
12	-0.665071	-0.667473	0.000675815
13	-0.667306	-0.66746	0.000623951
14	-0.667162	-0.667439	0.000579746
15	-0.665433	-0.667305	0.000556304
16	-0.668	-0.667348	0.000523227
17	-0.665006	-0.667211	0.000510264
18	-0.66577	-0.667131	0.000488155
19	-0.675688	-0.667581	0.000637225
20	-0.663903	-0.667397	0.000631338
1	-0.672335	-0.672335	0
2	-0.675812	-0.674074	0.00122935
3	-0.671847	-0.673331	0.00101931
4	-0.668748	-0.672186	0.00125255
5	-0.672278	-0.672204	0.00100218
6	-0.670074	-0.671849	0.000895824
7	-0.671461	-0.671794	0.00076956
8	-0.67133	-0.671736	0.000675545
9	-0.675933	-0.672202	0.000744247
10	-0.674176	-0.672399	0.0006955
11	-0.674763	-0.672614	0.000664634
12	-0.669519	-0.672356	0.00065739
13	-0.674232	-0.672501	0.000622451
14	-0.671388	-0.672421	0.000583045
15	-0.671601	-0.672367	0.000546732
16	-0.669791	-0.672206	0.000535728
17	-0.673763	-0.672297	0.000511987
18	-0.671176	-0.672235	0.000487314
19	-0.672946	-0.672272	0.000463101
20	-0.671071	-0.672212	0.000443825
1	-0.679867	-0.679867	0
2	-0.678574	-0.67922	0.000457017
3	-0.678069	-0.678836	0.000437125
4	-0.67582	-0.678082	0.000730653
5	-0.675817	-0.677629	0.000711293
6	-0.682386	-0.678422	0.000935421
7	-0.67892	-0.678493	0.000804487
8	-0.673453	-0.677863	0.000918076
9	-0.679018	-0.677991	0.000824989
10	-0.675695	-0.677762	0.000773785
11	-0.675773	-0.677581	0.000724253
12	-0.678996	-0.677699	0.000673431
13	-0.678418	-0.677754	0.0006239
14	-0.675887	-0.677621	0.000593415
15	-0.676551	-0.67755	0.00055812
16	-0.681065	-0.677769	0.000564839
17	-0.674339	-0.677568	0.000566502
18	-0.67851	-0.67762	0.000537444
19	-0.678202	-0.67765	0.000510029
20	-0.680343	-0.677785	0.000501979
1	-0.680107	-0.680107	0
2	-0.68575	-0.682929	0.0019952
3	-0.681262	-0.682373	0.00140535
4	-0.690202	-0.68433	0.00199591
5	-0.684896	-0.684443	0.00159993
6	-0.684082	-0.684383	0.00133441
7	-0.687481	-0.684826	0.00121496
8	-0.682973	-0.684594	0.00108495
9	-0.683111	-0.684429	0.000976828
10	-0.683008	-0.684287	0.000889428
11	-0.683097	-0.684179	0.000815128
12	-0.684728	-0.684225	0.000748482
13	-0.681461	-0.684012	0.000720474
14	-0.683493	-0.683975	0.000669966
15	-0.683148	-0.68392	0.000627565
16	-0.683284	-0.68388	0.000589601
17	-0.684454	-0.683914	0.000555883
18	-0.68493	-0.68397	0.000527858
19	-0.680734	-0.6838	0.000526834
20	-0.681024	-0.683661	0.000518449
1	-0.690902	-0.690902	0
2	-0.693901	-0.692402	0.00106024
3	-0.684828	-0.689877	0.00217914
4	-0.688381	-0.689503	0.00166615
5	-0.689535	-0.689509	0.00133293
6	-0.686973	-0.689087	0.00117588
7	-0.689059	-0.689083	0.00100791
8	-0.688596	-0.689022	0.000883753
9	-0.689805	-0.689109	0.000789828
10	-0.687807	-0.688979	0.000721488
11	-0.691008	-0.689163	0.000679066
12	-0.687152	-0.688996	0.000642822
13	-0.690343	-0.689099	0.000601667
14	-0.693965	-0.689447	0.000651394
15	-0.690245	-0.6895	0.00061014
16	-0.691617	-0.689632	0.000586176
17	-0.688943	-0.689592	0.000553097
18	-0.692159	-0.689734	0.00054045
19	-0.68847	-0.689668	0.000516087
20	-0.689634	-0.689666	0.000490286
1	-0.695118	-0.695118	0
2	-0.694966	-0.695042	5.36835e-05
3	-0.695492	-0.695192	0.000127722
4	-0.69711	-0.695672	0.000426114
5	-0.696956	-0.695928	0.0004111
6	-0.69506	-0.695784	0.000367192
7	-0.69349	-0.695456	0.000437117
8	-0.692764	-0.69512	0.00049531
9	-0.69698	-0.695326	0.000481483
10	-0.693304	-0.695124	0.000473917
11	-0.69258	-0.694893	0.00048398
12	-0.692036	-0.694655	0.000498756
13	-0.69333	-0.694553	0.000470685
14	-0.69674	-0.694709	0.000462256
15	-0.696989	-0.694861	0.000455737
16	-0.695498	-0.694901	0.000428989
17	-0.694339	-0.694868	0.000405023
18	-0.693879	-0.694813	0.000386228
19	-0.695864	-0.694868	0.000369842
20	-0.696963	-0.694973	0.000365881
1	-0.702882	-0.702882	0
2	-0.699062	-0.700972	0.0013506
3	-0.700719	-0.700888	0.000903041
4	-0.700274	-0.700734	0.000690221
5	-0.699355	-0.700459	0.000604778
6	-0.700619	-0.700485	0.00050457
7	-0.705076	-0.701141	0.000745496
8	-0.702622	-0.701326	0.000674906
9	-0.700045	-0.701184	0.000614742
10	-0.700585	-0.701124	0.000556174
11	-0.70128	-0.701138	0.000505794
12	-0.697903	-0.700869	0.00053064
13	-0.699068	-0.70073	0.00050758
14	-0.700258	-0.700696	0.000472444
15	-0.699388	-0.700609	0.000448923
16	-0.702042	-0.700699	0.000429699
17	-0.700568	-0.700691	0.000404492
18	-0.701583	-0.700741	0.000385044
19	-0.699466	-0.700673	0.000370576
20	-0.700839	-0.700682	0.00035214
1	-0.705813	-0.705813	0
2	-0.709322	-0.707568	0.0012406
3	-0.708989	-0.708041	0.000913022
4	-0.70938	-0.708376	0.000743611
5	-0.70628	-0.707957	0.000703199
6	-0.708895	-0.708113	0.000603127
7	-0.709612	-0.708327	0.000553661
8	-0.70086	-0.707394	0.000998555
9	-0.71026	-0.707712	0.000937014
10	-0.703197	-0.707261	0.000945875
11	-0.709513	-0.707465	0.000881763
12	-0.705098	-0.707268	0.000830067
13	-0.70784	-0.707312	0.000767379
14	-0.70791	-0.707355	0.000713755
15	-0.706782	-0.707317	0.000667191
16	-0.709002	-0.707422	0.000633755
17	-0.707068	-0.707401	0.000596817
18	-0.704823	-0.707258	0.000580598
19	-0.710135	-0.707409	0.000569448
20	-0.701806	-0.707129	0.000605987
1	-0.711131	-0.711131	0
2	-0.716183	-0.713657	0.00178629
3	-0.715078	-0.71413	0.00125206
4	-0.712046	-0.713609	0.00104183
5	-0.711977	-0.713283	0.000883133
6	-0.712097	-0.713085	0.000757738
7	-0.711282	-0.712828	0.000691888
8	-0.712727	-0.712815	0.000605517
9	-0.706872	-0.712155	0.000822968
10	-0.712056	-0.712145	0.00074073
11	-0.715018	-0.712406	0.000717954
12	-0.718967	-0.712953	0.00084094
13	-0.709667	-0.7127	0.000813351
14	-0.717316	-0.71303	0.000819366
15	-0.711028	-0.712896	0.000775537
16	-0.717033	-0.713155	0.000768949
17	-0.712282	-0.713103	0.000725429
18	-0.71795	-0.713373	0.000733401
19	-0.711565	-0.713278	0.000700944
20	-0.71267	-0.713247	0.000666555
1	-0.719623	-0.719623	0
2	-0.716937	-0.71828	0.000949729
3	-0.723076	-0.719879	0.00145076
4	-0.71934	-0.719744	0.00109431
5	-0.717867	-0.719369	0.000937632
6	-0.721605	-0.719741	0.000852243
7	-0.716827	-0.719325	0.000825965
8	-0.72203	-0.719663	0.000788894
9	-0.722913	-0.720024	0.000779511
10	-0.718856	-0.719907	0.000710263
11	-0.717136	-0.719656	0.000688926
12	-0.722517	-0.719894	0.000671505
13	-0.718098	-0.719756	0.000633899
14	-0.721759	-0.719899	0.000604561
15	-0.714487	-0.719538	0.000663247
16	-0.722448	-0.71972	0.000646252
17	-0.721247	-0.71981	0.000614447
18	-0.719665	-0.719802	0.000580364
19	-0.714224	-0.719508	0.000619641
20	-0.720036	-0.719535	0.00058922
1	-0.72477	-0.72477	0
2	-0.726197	-0.725484	0.000504252
3	-0.729647	-0.726871	0.00118194
4	-0.72368	-0.726073	0.00112396
5	-0.725268	-0.725912	0.000910639
6	-0.724342	-0.725651	0.000795587
7	-0.7279	-0.725972	0.00074399
8	-0.720418	-0.725278	0.000919537
9	-0.727505	-0.725525	0.000850019
10	-0.728083	-0.725781	0.000802575
11	-0.730688	-0.726227	0.000844517
12	-0.721114	-0.725801	0.000875044
13	-0.72242	-0.725541	0.000845495
14	-0.727494	-0.72568	0.000796533
15	-0.723344	-0.725525	0.000758511
16	-0.724186	-0.725441	0.000715702
17	-0.724772	-0.725402	0.000674682
18	-0.725483	-0.725406	0.000637214
19	-0.727642	-0.725524	0.000614443
20	-0.728556	-0.725675	0.000602132
1	-0.729959	-0.729959	0
2	-0.731026	-0.730493	0.000377001
3	-0.729645	-0.73021	0.000341072
4	-0.728922	-0.729888	0.000378374
5	-0.733418	-0.730594	0.000700275
6	-0.73211	-0.730847	0.000627448
7	-0.734063	-0.731306	0.000685729
8	-0.727334	-0.73081	0.000758781
9	-0.730574	-0.730784	0.000674926
10	-0.732506	-0.730956	0.000629016
11	-0.732265	-0.731075	0.00058298
12	-0.728683	-0.730875	0.000567453
13	-0.731675	-0.730937	0.000527129
14	-0.729823	-0.730857	0.000495446
15	-0.734964	-0.731131	0.000532711
16	-0.727566	-0.730908	0.00054402
17	-0.732917	-0.731026	0.000524689
18	-0.729186	-0.730924	0.000505406
19	-0.731619	-0.730961	0.000480127
20	-0.7316	-0.730993	0.000457184
1	-0.736512	-0.736512	0
2	-0.743523	-0.740017	0.00247883
3	-0.738001	-0.739345	0.00174126
4	-0.734006	-0.738011	0.00174409
5	-0.737214	-0.737851	0.00140252
6	-0.739292	-0.738091	0.00118914
7	-0.733628	-0.737454	0.00117788
8	-0.733989	-0.737021	0.00110742
9	-0.737129	-0.737033	0.000984437
10	-0.740527	-0.737382	0.000945978
11	-0.735899	-0.737247	0.000869535
12	-0.740268	-0.737499	0.00083271
13	-0.739615	-0.737662	0.000784409
14	-0.737994	-0.737686	0.00072874
15	-0.737113	-0.737647	0.000681157
16	-0.735985	-0.737543	0.000646461
17	-0.740886	-0.73774	0.000637633
18	-0.735629	-0.737623	0.0006129
19	-0.73533	-0.737502	0.000592399
20	-0.734959	-0.737375	0.000576267
1	-0.751979	-0.751979	0
2	-0.742371	-0.747175	0.00339688
3	-0.747051	-0.747134	0.00226484
4	-0.742793	-0.746049	0.00194128
5	-0.747471	-0.746333	0.00157372
6	-0.740869	-0.745422	0.00155275
7	-0.743908	-0.745206	0.00134592
8	-0.748231	-0.745584	0.00122965
9	-0.747014	-0.745743	0.00110324
10	-0.742929	-0.745462	0.00102818
11	-0.741129	-0.745068	0.00100732
12	-0.744946	-0.745058	0.000923426
13	-0.743073	-0.744905	0.000864921
14	-0.744691	-0.74489	0.000803276
15	-0.745647	-0.74494	0.000751308
16	-0.746588	-0.745043	0.000711375
17	-0.74275	-0.744908	0.000682202
18	-0.743363	-0.744822	0.000649677
19	-0.741938	-0.744671	0.000632969
20	-0.743844	-0.744629	0.000602669
1	-0.752499	-0.752499	0
2	-0.749582	-0.751041	0.00103122
3	-0.751149	-0.751077	0.000688103
4	-0.746945	-0.750044	0.0010328
5	-0.748203	-0.749676	0.00088944
6	-0.749313	-0.749615	0.000743249
7	-0.747049	-0.749249	0.000721843
8	-0.751505	-0.749531	0.000684497
9	-0.750396	-0.749627	0.000615154
10	-0.747472	-0.749411	0.000590184
11	-0.755089	-0.749927	0.000728041
12	-0.752895	-0.750175	0.000708119
13	-0.748415	-0.750039	0.000666464
14	-0.754877	-0.750385	0.000702767
15	-0.750929	-0.750421	0.000656852
16	-0.753065	-0.750586	0.000636248
17	-0.750042	-0.750554	0.000599627
18	-0.748904	-0.750463	0.000573281
19	-0.749425	-0.750408	0.000545702
20	-0.751975	-0.750486	0.000524012
1	-0.757002	-0.757002	0
2	-0.755864	-0.756433	0.000402513
3	-0.753972	-0.755613	0.000721412
4	-0.756124	-0.755741	0.000552278
5	-0.757411	-0.756075	0.00053341
6	-0.758775	-0.756525	0.000605308
7	-0.754085	-0.756176	0.000610989
8	-0.757213	-0.756306	0.000548191
9	-0.755071	-0.756169	0.000504164
10	-0.757309	-0.756283	0.000466461
11	-0.752061	-0.755899	0.000560088
12	-0.752842	-0.755644	0.000568396
13	-0.761221	-0.756073	0.000667197
14	-0.756376	-0.756095	0.00061989
15	-0.755114	-0.756029	0.000582004
16	-0.753828	-0.755892	0.000561661
17	-0.76081	-0.756181	0.000598508
18	-0.756705	-0.75621	0.000565965
19	-0.755756	-0.756186	0.000536681
20	-0.757724	-0.756263	0.000515329
1	-0.762951	-0.762951	0
2	-0.766837	-0.764894	0.00137411
3	-0.762739	-0.764176	0.00108775
4	-0.761344	-0.763468	0.00102048
5	-0.761202	-0.763015	0.000911456
6	-0.76108	-0.762692	0.000814585
7	-0.769236	-0.763627	0.00111206
8	-0.765788	-0.763897	0.00100534
9	-0.76736	-0.764282	0.000964453
10	-0.764077	-0.764262	0.000868225
11	-0.765591	-0.764382	0.000797667
12	-0.763794	-0.764333	0.000732702
13	-0.762574	-0.764198	0.000688723
14	-0.7608	-0.763955	0.000680961
15	-0.764788	-0.764011	0.00063782
16	-0.762274	-0.763902	0.000607127
17	-0.763876	-0.763901	0.000571416
18	-0.761366	-0.76376	0.000556747
19	-0.762939	-0.763717	0.000529117
20	-0.762039	-0.763633	0.000509266
1	-0.773058	-0.773058	0
2	-0.768478	-0.770768	0.00161913
3	-0.768494	-0.77001	0.00124425
4	-0.772386	-0.770604	0.0010656
5	-0.774383	-0.77136	0.00108803
6	-0.77137	-0.771362	0.000906691
7	-0.771782	-0.771422	0.000779155
8	-0.768497	-0.771056	0.000762697
9	-0.76975	-0.770911	0.000691612
10	-0.767155	-0.770535	0.000717242
11	-0.765704	-0.770096	0.000774924
12	-0.768409	-0.769956	0.000722991
13	-0.774501	-0.770305	0.000747149
14	-0.769128	-0.770221	0.0006985
15	-0.768766	-0.770124	0.000658632
16	-0.769791	-0.770103	0.000617797
17	-0.766076	-0.769866	0.000625233
18	-0.771472	-0.769956	0.000596828
19	-0.770272	-0.769972	0.000565649
20	-0.771585	-0.770053	0.000543084
1	-0.774477	-0.774477	0
2	-0.7789	-0.776688	0.00156387
3	-0.772675	-0.77535	0.00151008
4	-0.776293	-0.775586	0.00115079
5	-0.781344	-0.776738	0.00138147
6	-0.776754	-0.77674	0.00115123
7	-0.776873	-0.776759	0.000986926
8	-0.777359	-0.776834	0.000866399
9	-0.772351	-0.776336	0.000902048
10	-0.775619	-0.776264	0.00081469
11	-0.772895	-0.775958	0.000796138
12	-0.777647	-0.776099	0.000742137
13	-0.775066	-0.776019	0.000689284
14	-0.776591	-0.77606	0.000641256
15	-0.772691	-0.775836	0.000636629
16	-0.778594	-0.776008	0.000619748
17	-0.776279	-0.776024	0.000583498
18	-0.777822	-0.776124	0.00055957
19	-0.779321	-0.776292	0.000554845
20	-0.772737	-0.776114	0.000554845
1	-0.781484	-0.781484	0
2	-0.789548	-0.785516	0.00285108
3	-0.783138	-0.784723	0.00200785
4	-0.782224	-0.784098	0.00160017
5	-0.782485	-0.783776	0.00131227
6	-0.788809	-0.784615	0.00133501
7	-0.781007	-0.784099	0.0012398
8	-0.779611	-0.783538	0.00120509
9	-0.788034	-0.784038	0.00117015
10	-0.778906	-0.783525	0.00116021
11	-0.782559	-0.783437	0.00105805
12	-0.783015	-0.783402	0.000970466
13	-0.783637	-0.78342	0.000895983
14	-0.7824	-0.783347	0.000834938
15	-0.783825	-0.783379	0.000779884
16	-0.778917	-0.7831	0.000779411
17	-0.780363	-0.782939	0.000750004
18	-0.777791	-0.782653	0.000760914
19	-0.782648	-0.782653	0.000720866
20	-0.78134	-0.782587	0.000687805
1	-0.792626	-0.792626	0
2	-0.78924	-0.790933	0.00119682
3	-0.791206	-0.791024	0.000801344
4	-0.78869	-0.790441	0.000785242
5	-0.794323	-0.791217	0.000936432
6	-0.789794	-0.79098	0.000809823
7	-0.788243	-0.790589	0.00078288
8	-0.791896	-0.790752	0.000701858
9	-0.791784	-0.790867	0.000633171
10	-0.790715	-0.790852	0.000570036
11	-0.786671	-0.790472	0.000632356
12	-0.788834	-0.790335	0.000594195
13	-0.788468	-0.790192	0.000565578
14	-0.791376	-0.790276	0.000531465
15	-0.788398	-0.790151	0.000510573
16	-0.787115	-0.789961	0.000512702
17	-0.786015	-0.789729	0.000532514
18	-0.790689	-0.789782	0.000505595
19	-0.788348	-0.789707	0.000484588
20	-0.79372	-0.789908	0.000500184
1	-0.795319	-0.795319	0
2	-0.804778	-0.800049	0.00334456
3	-0.801203	-0.800433	0.00225175
4	-0.794682	-0.798996	0.00209827
5	-0.80096	-0.799388	0.001715
6	-0.795958	-0.798817	0.0015215
7	-0.792644	-0.797935	0.00153859
8	-0.795618	-0.797645	0.00137324
9	-0.800085	-0.797916	0.00124713
10	-0.789064	-0.797031	0.00140182
11	-0.798847	-0.797196	0.00128407
12	-0.79488	-0.797003	0.00119149
13	-0.794737	-0.796829	0.00111251
14	-0.796626	-0.796814	0.00103314
15	-0.794607	-0.796667	0.000974692
16	-0.799262	-0.796829	0.000927167
17	-0.797881	-0.796891	0.00087469
18	-0.796665	-0.796879	0.000826186
19	-0.795176	-0.796789	0.000787549
20	-0.795241	-0.796712	0.000751965
1	-0.80504	-0.80504	0
2	-0.804229	-0.804634	0.00028652
3	-0.802781	-0.804016	0.000539498
4	-0.800881	-0.803233	0.000790323
5	-0.801006	-0.802787	0.000747293
6	-0.801343	-0.802546	0.000660383
7	-0.804431	-0.802816	0.000618503
8	-0.806206	-0.803239	0.000670831
9	-0.804975	-0.803432	0.000623404
10	-0.806764	-0.803765	0.000643949
11	-0.799861	-0.80341	0.000676202
12	-0.801218	-0.803228	0.000644054
13	-0.805396	-0.803395	0.000615725
14	-0.802928	-0.803361	0.000572647
15	-0.804694	-0.80345	0.000541315
16	-0.804258	-0.803501	0.000509834
17	-0.804545	-0.803562	0.000483534
18	-0.802195	-0.803486	0.000462599
19	-0.80497	-0.803564	0.000444796
20	-0.797898	-0.803281	0.000504792
1	-0.812047	-0.812047	0
2	-0.810278	-0.811162	0.000625422
3	-0.815859	-0.812728	0.00134446
4	-0.814055	-0.81306	0.0010485
5	-0.815815	-0.813611	0.000972928
6	-0.811306	-0.813227	0.000883349
7	-0.806764	-0.812304	0.00114186
8	-0.815302	-0.812678	0.00105887
9	-0.810439	-0.81243	0.000970019
10	-0.812243	-0.812411	0.000873195
11	-0.811337	-0.812313	0.000799255
12	-0.810156	-0.812133	0.000752593
13	-0.806706	-0.811716	0.000802177
14	-0.801765	-0.811005	0.00101192
15	-0.807997	-0.810805	0.00096413
16	-0.804456	-0.810408	0.000982128
17	-0.810535	-0.810415	0.000924385
18	-0.809433	-0.810361	0.000874641
19	-0.80929	-0.810304	0.000830422
20	-0.813916	-0.810485	0.000808296
1	-0.820725	-0.820725	0
2	-0.81647	-0.818597	0.00150413
3	-0.816558	-0.817918	0.00114615
4	-0.814284	-0.817009	0.0011653
5	-0.819159	-0.817439	0.00100848
6	-0.816067	-0.81721	0.000865949
7	-0.815187	-0.816921	0.000789025
8	-0.813537	-0.816498	0.000795788
9	-0.818206	-0.816688	0.000729646
10	-0.816983	-0.816718	0.000657279
11	-0.819368	-0.816959	0.000640163
12	-0.816667	-0.816934	0.000587276
13	-0.817359	-0.816967	0.000543008
14	-0.815257	-0.816845	0.000517771
15	-0.817438	-0.816884	0.000484761
16	-0.816397	-0.816854	0.000455421
17	-0.813231	-0.816641	0.000475879
18	-0.8179	-0.816711	0.000454552
19	-0.815827	-0.816664	0.000433004
20	-0.813223	-0.816492	0.000444233
1	-0.822995	-0.822995	0
2	-0.816946	-0.819971	0.00213843
3	-0.826188	-0.822043	0.00221276
4	-0.819995	-0.821531	0.00171778
5	-0.827025	-0.82263	0.00168951
6	-0.824944	-0.823016	0.00145129
7	-0.819819	-0.822559	0.00131386
8	-0.824005	-0.82274	0.00116199
9	-0.82535	-0.82303	0.00106846
10	-0.823348	-0.823062	0.00096209
11	-0.81996	-0.82278	0.000915006
12	-0.824958	-0.822961	0.00085658
13	-0.827432	-0.823305	0.000856958
14	-0.825313	-0.823449	0.000807654
15	-0.823354	-0.823442	0.000753835
16	-0.827968	-0.823725	0.000757943
17	-0.825513	-0.82383	0.000720615
18	-0.819538	-0.823592	0.000718961
19	-0.827306	-0.823787	0.000707203
20	-0.823881	-0.823792	0.000671858
1	-0.828303	-0.828303	0
2	-0.833612	-0.830957	0.00187709
3	-0.829022	-0.830312	0.0013577
4	-0.833475	-0.831103	0.00122715
5	-0.828625	-0.830607	0.00107718
6	-0.833003	-0.831007	0.0009688
7	-0.827272	-0.830473	0.0009662
8	-0.830942	-0.830532	0.000847204
9	-0.830875	-0.83057	0.000753928
10	-0.828787	-0.830392	0.000699303
11	-0.827893	-0.830164	0.000671613
12	-0.83464	-0.830537	0.000711722
13	-0.82643	-0.830221	0.000723698
14	-0.83016	-0.830217	0.000672018
15	-0.8303	-0.830223	0.00062724
16	-0.831426	-0.830298	0.000592532
17	-0.834414	-0.83054	0.00060514
18	-0.82589	-0.830282	0.000624239
19	-0.828095	-0.830167	0.000601896
20	-0.832472	-0.830282	0.000582732
1	-0.841756	-0.841756	0
2	-0.835699	-0.838727	0.0021414
3	-0.833193	-0.836883	0.00207523
4	-0.833839	-0.836122	0.0016902
5	-0.836336	-0.836165	0.00135271
6	-0.838293	-0.836519	0.00117286
7	-0.837522	-0.836663	0.00101402
8	-0.836013	-0.836581	0.000890514
9	-0.843089	-0.837304	0.00104468
10	-0.845771	-0.838151	0.0012366
11	-0.839946	-0.838314	0.0011349
12	-0.837857	-0.838276	0.00104096
13	-0.842583	-0.838607	0.00101222
14	-0.838275	-0.838584	0.000940199
15	-0.835478	-0.838377	0.000900025
16	-0.836135	-0.838237	0.000854607
17	-0.842419	-0.838483	0.000838996
18	-0.83694	-0.838397	0.000796748
19	-0.836419	-0.838293	0.000761584
20	-0.837298	-0.838243	0.000725127
1	-0.848753	-0.848753	0
2	-0.84909	-0.848921	0.000118992
3	-0.84574	-0.847861	0.00086945
4	-0.844233	-0.846954	0.00102084
5	-0.843807	-0.846325	0.000991925
6	-0.848803	-0.846738	0.000908566
7	-0.842022	-0.846064	0.000997741
8	-0.845064	-0.845939	0.000880816
9	-0.845535	-0.845894	0.000784092
10	-0.845023	-0.845807	0.000710506
11	-0.842736	-0.845528	0.00069861
12	-0.842215	-0.845252	0.000692781
13	-0.850039	-0.84562	0.000730842
14	-0.842515	-0.845398	0.000711489
15	-0.845371	-0.845396	0.000664058
16	-0.84591	-0.845429	0.000623329
17	-0.837822	-0.844981	0.0007298
18	-0.846528	-0.845067	0.0006943
19	-0.837165	-0.844651	0.000772341
20	-0.845354	-0.844686	0.000734523
1	-0.856933	-0.856933	0
2	-0.855163	-0.856048	0.000625733
3	-0.857485	-0.856527	0.000571836
4	-0.862728	-0.858077	0.00140926
5	-0.853494	-0.857161	0.00139406
6	-0.850541	-0.856057	0.00153752
7	-0.862314	-0.856951	0.00155616
8	-0.853445	-0.856513	0.00142203
9	-0.856306	-0.85649	0.00126421
10	-0.856876	-0.856529	0.00113838
11	-0.849681	-0.855906	0.00119301
12	-0.856118	-0.855924	0.00109372
13	-0.85599	-0.855929	0.0010096
14	-0.856771	-0.855989	0.000939274
15	-0.851764	-0.855707	0.00091791
16	-0.855654	-0.855704	0.000860547
17	-0.849119	-0.855317	0.000892865
18	-0.852366	-0.855153	0.00085818
19	-0.851753	-0.854974	0.000831452
20	-0.855131	-0.854982	0.000789917
1	-0.857155	-0.857155	0
2	-0.858513	-0.857834	0.000480097
3	-0.859219	-0.858296	0.000494494
4	-0.859184	-0.858518	0.00041772
5	-0.866876	-0.86019	0.00153202
6	-0.859208	-0.860026	0.00128538
7	-0.856633	-0.859541	0.00118965
8	-0.862365	-0.859894	0.00109204
9	-0.857324	-0.859609	0.00100735
10	-0.861236	-0.859771	0.000919663
11	-0.866971	-0.860426	0.0010433
12	-0.865454	-0.860845	0.00103709
13	-0.868024	-0.861397	0.00109452
14	-0.858907	-0.861219	0.00103069
15	-0.859913	-0.861132	0.00096565
16	-0.864886	-0.861367	0.000933366
17	-0.864908	-0.861575	0.000901412
18	-0.860283	-0.861503	0.000854188
19	-0.858904	-0.861367	0.000820115
20	-0.855527	-0.861075	0.000829463
1	-0.873093	-0.873093	0
2	-0.86994	-0.871516	0.00111488
3	-0.866837	-0.869957	0.00147463
4	-0.871557	-0.870357	0.00115896
5	-0.86847	-0.869979	0.000986681
6	-0.870188	-0.870014	0.000822847
7	-0.871799	-0.870269	0.000743746
8	-0.868848	-0.870091	0.000671645
9	-0.867201	-0.86977	0.000669388
10	-0.872165	-0.87001	0.000643855
11	-0.872772	-0.870261	0.000632395
12	-0.873198	-0.870506	0.000625257
13	-0.868445	-0.870347	0.000596917
14	-0.867438	-0.870139	0.000589342
15	-0.871663	-0.870241	0.000558738
16	-0.869379	-0.870187	0.000526408
17	-0.863135	-0.869772	0.000638275
18	-0.865722	-0.869547	0.00064125
19	-0.875469	-0.869859	0.000679042
20	-0.867239	-0.869728	0.000657601
1	-0.873045	-0.873045	0
2	-0.873782	-0.873414	0.000260526
3	-0.880779	-0.875869	0.00201218
4	-0.883615	-0.877805	0.00225618
5	-0.868095	-0.875863	0.00250504
6	-0.881365	-0.87678	0.0022491
7	-0.871378	-0.876009	0.00205595
8	-0.885537	-0.8772	0.00211601
9	-0.877838	-0.87727	0.00188209
10	-0.879071	-0.877451	0.00170247
11	-0.874434	-0.877176	0.00156964
12	-0.873687	-0.876886	0.00146552
13	-0.880028	-0.877127	0.00137257
14	-0.877409	-0.877147	0.00127468
15	-0.874731	-0.876986	0.00119983
16	-0.873763	-0.876785	0.00114163
17	-0.878378	-0.876879	0.00107831
18	-0.873015	-0.876664	0.00103955
19	-0.877556	-0.876711	0.0009859
20	-0.881032	-0.876927	0.000959987
1	-0.888238	-0.888238	0
2	-0.888641	-0.88844	0.000142411
3	-0.885397	-0.887425	0.000833602
4	-0.877427	-0.884926	0.0022532
5	-0.885248	-0.88499	0.00180348
6	-0.882362	-0.884552	0.00155521
7	-0.877246	-0.883508	0.0016464
8	-0.878631	-0.882899	0.00154939
9	-0.882144	-0.882815	0.0013795
10	-0.878835	-0.882417	0.0012977
11	-0.887553	-0.882884	0.00126095
12	-0.886797	-0.88321	0.00119729
13	-0.88495	-0.883344	0.00111265
14	-0.877568	-0.882931	0.00110701
15	-0.880274	-0.882754	0.00104728
16	-0.886155	-0.882967	0.00100317
17	-0.888518	-0.883293	0.00099589
18	-0.877971	-0.882998	0.000983473
19	-0.883601	-0.883029	0.000932223
20	-0.885735	-0.883165	0.000895375
1	-0.896452	-0.896452	0
2	-0.893983	-0.895217	0.000872881
3	-0.885167	-0.891867	0.00279647
4	-0.891743	-0.891836	0.00209752
5	-0.892882	-0.892045	0.00168841
6	-0.89306	-0.892214	0.00141546
7	-0.890384	-0.891953	0.00123718
8	-0.894448	-0.892265	0.00112115
9	-0.900054	-0.89313	0.00128799
10	-0.897438	-0.893561	0.00122914
11	-0.886952	-0.89296	0.00125569
12	-0.891247	-0.892817	0.00115914
13	-0.886464	-0.892329	0.00116848
14	-0.89588	-0.892582	0.00111221
15	-0.887585	-0.892249	0.00108681
16	-0.895385	-0.892445	0.0010364
17	-0.892649	-0.892457	0.000975507
18	-0.895427	-0.892622	0.000935158
19	-0.892825	-0.892633	0.000886
20	-0.899404	-0.892971	0.000904075
1	-0.908497	-0.908497	0
2	-0.894196	-0.901347	0.00505618
3	-0.899227	-0.90064	0.0034198
4	-0.893581	-0.898875	0.0029857
5	-0.892671	-0.897634	0.00263382
6	-0.891516	-0.896614	0.00238411
7	-0.908966	-0.898379	0.00261626
8	-0.897263	-0.898239	0.00229295
9	-0.895149	-0.897896	0.00206373
10	-0.897052	-0.897812	0.00185909
11	-0.902596	-0.898247	0.00174021
12	-0.905487	-0.89885	0.00169658
13	-0.897446	-0.898742	0.00156951
14	-0.900338	-0.898856	0.00146154
15	-0.89189	-0.898392	0.00143599
16	-0.909361	-0.899077	0.00150102
17	-0.901158	-0.8992	0.0014177
18	-0.899116	-0.899195	0.00133895
19	-0.897655	-0.899114	0.00127093
20	-0.899726	-0.899145	0.00120775
1	-0.911748	-0.911748	0
2	-0.909652	-0.9107	0.00074102
3	-0.914068	-0.911823	0.00104133
4	-0.903048	-0.909629	0.00205407
5	-0.913089	-0.910321	0.00175596
6	-0.90558	-0.909531	0.00163147
7	-0.911374	-0.909794	0.00141948
8	-0.90709	-0.909456	0.00128167
9	-0.904246	-0.908877	0.00126326
10	-0.905509	-0.90854	0.00118098
11	-0.904073	-0.908134	0.00114132
12	-0.910517	-0.908333	0.00106335
13	-0.905496	-0.908115	0.0010037
14	-0.906177	-0.907976	0.000941498
15	-0.897903	-0.907305	0.00109229
16	-0.906157	-0.907233	0.00102637
17	-0.905865	-0.907152	0.000969146
18	-0.900883	-0.906804	0.000975887
19	-0.909607	-0.906952	0.000935608
20	-0.914377	-0.907323	0.000959669
1	-0.917537	-0.917537	0
2	-0.918908	-0.918222	0.000484679
3	-0.920594	-0.919013	0.00072175
4	-0.914677	-0.917929	0.00108359
5	-0.912088	-0.916761	0.0013576
6	-0.916687	-0.916748	0.00113139
7	-0.915466	-0.916565	0.000984487
8	-0.911267	-0.915903	0.00106105
9	-0.915513	-0.91586	0.000944039
10	-0.911773	-0.915451	0.000933903
11	-0.910291	-0.914982	0.000959605
12	-0.913343	-0.914845	0.000889308
13	-0.913536	-0.914745	0.00082658
14	-0.918817	-0.915035	0.000817116
15	-0.912386	-0.914859	0.000781502
16	-0.913519	-0.914775	0.00073713
17	-0.912491	-0.914641	0.000705904
18	-0.920066	-0.914942	0.000728206
19	-0.906883	-0.914518	0.000803984
20	-0.922653	-0.914925	0.000860537
1	-0.915189	-0.915189	0
2	-0.924259	-0.919724	0.00320673
3	-0.93035	-0.923266	0.00359643
4	-0.924856	-0.923663	0.00271921
5	-0.917667	-0.922464	0.00242546
6	-0.935557	-0.924646	0.00283791
7	-0.922268	-0.924306	0.00245275
8	-0.921431	-0.923947	0.00217234
9	-0.92336	-0.923882	0.00193194
10	-0.92758	-0.924252	0.00177379
11	-0.915637	-0.923468	0.00177703
12	-0.934041	-0.924349	0.00183442
13	-0.926428	-0.924509	0.00170026
14	-0.923686	-0.924451	0.00157983
15	-0.923816	-0.924408	0.00147507
16	-0.914759	-0.923805	0.00150111
17	-0.924407	-0.923841	0.00141323
18	-0.920658	-0.923664	0.00134573
19	-0.930727	-0.924035	0.00132525
20	-0.927168	-0.924192	0.00126821
1	-0.928814	-0.928814	0
2	-0.93115	-0.929982	0.00082607
3	-0.932433	-0.930799	0.000864989
4	-0.934822	-0.931805	0.00108605
5	-0.942983	-0.93404	0.00218022
6	-0.919791	-0.931666	0.00282866
7	-0.930717	-0.93153	0.00242781
8	-0.932817	-0.931691	0.00212966
9	-0.93434	-0.931985	0.00191326
10	-0.929937	-0.93178	0.00173286
11	-0.931222	-0.93173	0.00157607
12	-0.936922	-0.932162	0.00150296
13	-0.942955	-0.932993	0.00160029
14	-0.933019	-0.932994	0.00148599
15	-0.932405	-0.932955	0.00138744
16	-0.931349	-0.932855	0.00130435
17	-0.924475	-0.932362	0.00131749
18	-0.935936	-0.93256	0.00125917
19	-0.932716	-0.932569	0.00119292
20	-0.924504	-0.932165	0.00119948
1	-0.944513	-0.944513	0
2	-0.950157	-0.947335	0.00199554
3	-0.939324	-0.944665	0.0025542
4	-0.931364	-0.94134	0.00345869
5	-0.943236	-0.941719	0.00278768
6	-0.933194	-0.940298	0.00266061
7	-0.938207	-0.939999	0.00229724
8	-0.935591	-0.939448	0.00207511
9	-0.943039	-0.939847	0.00188251
10	-0.944146	-0.940277	0.00174265
11	-0.951655	-0.941312	0.00186612
12	-0.931592	-0.940502	0.0018782
13	-0.934903	-0.940071	0.00178241
14	-0.943114	-0.940288	0.00166829
15	-0.935304	-0.939956	0.00158982
16	-0.944137	-0.940217	0.00151178
17	-0.945763	-0.940544	0.00145762
18	-0.933529	-0.940154	0.00142779
19	-0.940022	-0.940147	0.00135266
20	-0.938861	-0.940083	0.00128655
1	-0.947898	-0.947898	0
2	-0.954356	-0.951127	0.00228328
3	-0.943379	-0.948545	0.00260091
4	-0.942967	-0.94715	0.00229424
5	-0.949685	-0.947657	0.00189057
6	-0.939253	-0.946256	0.00202906
7	-0.943579	-0.945874	0.00177487
8	-0.953938	-0.946882	0.00181682
9	-0.948107	-0.947018	0.00162004
10	-0.946486	-0.946965	0.00145891
11	-0.952122	-0.947434	0.0013996
12	-0.944858	-0.947219	0.00129932
13	-0.938051	-0.946514	0.00137753
14	-0.946021	-0.946479	0.00127959
15	-0.957286	-0.947199	0.00138232
16	-0.936248	-0.946515	0.00145556
17	-0.946156	-0.946493	0.00137009
18	-0.947722	-0.946562	0.00129567
19	-0.948424	-0.94666	0.00123118
20	-0.942577	-0.946456	0.00118642
1	-0.949779	-0.949779	0
2	-0.944874	-0.947326	0.00173419
3	-0.94654	-0.947064	0.00117574
4	-0.955217	-0.949102	0.00197309
5	-0.9476	-0.948802	0.00160117
6	-0.957805	-0.950302	0.00191226
7	-0.956566	-0.951197	0.00183654
8	-0.955047	-0.951678	0.00166883
9	-0.944215	-0.950849	0.00167683
10	-0.95141	-0.950905	0.00151009
11	-0.943526	-0.950234	0.00151448
12	-0.957711	-0.950857	0.00151101
13	-0.965693	-0.951999	0.00177415
14	-0.960187	-0.952584	0.00174117
15	-0.95701	-0.952879	0.0016499
16	-0.95591	-0.953068	0.00155762
17	-0.965224	-0.953783	0.00162184
18	-0.954625	-0.95383	0.00153242
19	-0.954865	-0.953884	0.00145273
20	-0.957941	-0.954087	0.00139418
1	-0.958196	-0.958196	0
2	-0.962036	-0.960116	0.00135798
3	-0.961646	-0.960626	0.000996535
4	-0.954236	-0.959028	0.00157257
5	-0.958869	-0.958997	0.00125838
6	-0.961791	-0.959462	0.00113154
7	-0.964505	-0.960183	0.0011771
8	-0.96625	-0.960941	0.00125064
9	-0.961351	-0.960987	0.0011125
10	-0.96262	-0.96115	0.00101317
11	-0.963156	-0.961332	0.00093734
12	-0.966739	-0.961783	0.000961423
13	-0.964631	-0.962002	0.000912092
14	-0.965795	-0.962273	0.000886275
15	-0.966374	-0.962546	0.000868329
16	-0.969281	-0.962967	0.000910368
17	-0.955974	-0.962556	0.000945195
18	-0.966428	-0.962771	0.000916843
19	-0.948003	-0.961994	0.00115187
20	-0.949478	-0.961368	0.00125278
1	-0.979959	-0.979959	0
2	-0.976415	-0.978187	0.00125328
3	-0.951731	-0.969369	0.00724862
4	-0.977423	-0.971382	0.00570933
5	-0.984003	-0.973906	0.00509498
6	-0.978864	-0.974733	0.0043123
7	-0.959974	-0.972624	0.00418001
8	-0.970006	-0.972297	0.0036703
9	-0.952809	-0.970132	0.00384858
10	-0.966651	-0.969784	0.00347942
11	-0.960263	-0.968918	0.00326898
12	-0.982014	-0.970009	0.00317351
13	-0.965998	-0.969701	0.00294436
14	-0.969106	-0.969658	0.00273435
15	-0.967682	-0.969527	0.00255524
16	-0.971099	-0.969625	0.00239742
17	-0.960539	-0.96909	0.0023152
18	-0.972315	-0.96927	0.0021935
19	-0.964498	-0.969019	0.00209238
20	-0.97154	-0.969145	0.00199155
1	-0.984764	-0.984764	0
2	-0.970627	-0.977695	0.00499811
3	-0.976302	-0.977231	0.00335357
4	-0.972338	-0.976008	0.00272912
5	-0.96619	-0.974044	0.00280199
6	-0.981731	-0.975325	0.00261149
7	-0.961297	-0.973321	0.0029074
8	-0.978166	-0.973927	0.00260628
9	-0.976329	-0.974194	0.00233032
10	-0.978228	-0.974597	0.00213192
11	-0.975222	-0.974654	0.00193887
12	-0.977402	-0.974883	0.00179077
13	-0.973883	-0.974806	0.00165467
14	-0.984764	-0.975517	0.00168243
15	-0.977224	-0.975631	0.00157412
16	-0.97988	-0.975897	0.00149797
17	-0.988669	-0.976648	0.00158711
18	-0.980502	-0.976862	0.00151331
19	-0.976487	-0.976842	0.00143379
20	-0.974248	-0.976713	0.00136795
1	-0.98114	-0.98114	0
2	-0.989174	-0.985157	0.00284056
3	-0.995062	-0.988459	0.00329444
4	-0.976798	-0.985544	0.0035325
5	-0.985796	-0.985594	0.00282636
6	-0.974173	-0.983691	0.00292693
7	-0.984515	-0.983808	0.00251117
8	-0.986189	-0.984106	0.00221484
9	-0.987	-0.984428	0.00199195
10	-0.995449	-0.98553	0.00207537
11	-0.980036	-0.98503	0.00194586
12	-0.980095	-0.984619	0.00182664
13	-0.986927	-0.984797	0.00169474
14	-0.981503	-0.984561	0.00158993
15	-0.973761	-0.983841	0.00163889
16	-0.977378	-0.983437	0.00158546
17	-0.98498	-0.983528	0.00149479
18	-0.973705	-0.982982	0.00150809
19	-0.97914	-0.98278	0.00144221
20	-0.992559	-0.983269	0.00145061
1	-0.992097	-0.992097	0
2	-0.994702	-0.9934	0.000921134
3	-0.99205	-0.99295	0.00071561
4	-0.995357	-0.993551	0.000748132
5	-0.995956	-0.994032	0.000737054
6	-0.990488	-0.993442	0.000817343
7	-0.996883	-0.993933	0.000835427
8	-0.983271	-0.9926	0.00144523
9	-0.99197	-0.99253	0.00128635
10	-0.984979	-0.991775	0.00136143
11	-0.983383	-0.991012	0.00143562
12	-0.982097	-0.990269	0.00149591
13	-0.984853	-0.989853	0.00143769
14	-0.997043	-0.990366	0.00142377
15	-0.992429	-0.990504	0.00133548
16	-0.983069	-0.990039	0.0013304
17	-0.992394	-0.990178	0.00125934
18	-0.99175	-0.990265	0.0011924
19	-0.985375	-0.990008	0.00115708
20	-0.99707	-0.990361	0.00115185
1	-0.998737	-0.998737	0
2	-0.994885	-0.996811	0.001362
3	-0.988356	-0.993993	0.00247393
4	-0.994281	-0.994065	0.0018565
5	-0.99382	-0.994016	0.00148585
6	-1.00211	-0.995365	0.00174636
7	-0.998911	-0.995871	0.00156864
8	-0.996042	-0.995893	0.00137271
9	-0.986769	-0.994879	0.00154994
10	-0.999629	-0.995354	0.00146592
11	-0.99113	-0.99497	0.00138203
12	-0.995635	-0.995025	0.00126797
13	-1.00384	-0.995704	0.00133963
14	-0.985434	-0.99497	0.00143074
15	-0.98274	-0.994155	0.00155036
16	-1.00073	-0.994566	0.00150702
17	-0.990601	-0.994333	0.0014363
18	-0.996824	-0.994471	0.00136316
19	-0.990596	-0.994267	0.00130659
20	-0.993811	-0.994245	0.00124146
1	-0.999215	-0.999215	0
2	-0.996925	-0.99807	0.000809835
3	-0.997769	-0.997969	0.000546082
4	-0.983909	-0.994454	0.00307162
5	-1.0066	-0.996883	0.00328
6	-0.99665	-0.996844	0.00273357
7	-0.99867	-0.997105	0.00235546
8	-0.996174	-0.996989	0.0020639
9	-0.993684	-0.996621	0.00186696
10	-0.988013	-0.995761	0.00186822
11	-1.00185	-0.996315	0.00177859
12	-0.99854	-0.9965	0.00164002
13	-0.992415	-0.996186	0.00154367
14	-0.998984	-0.996386	0.0014463
15	-0.997643	-0.996469	0.0013523
16	-1.00609	-0.997071	0.00139504
17	-0.999887	-0.997236	0.00132278
18	-1.00056	-0.997421	0.00126215
19	-0.996995	-0.997399	0.00119592
20	-0.997519	-0.997405	0.00113614
1	-1.01042	-1.01042	0
2	-1.00532	-1.00787	0.00180304
3	-1.00476	-1.00683	0.00147026
4	-1.00455	-1.00626	0.00120848
5	-0.998758	-1.00476	0.00165379
6	-1.00497	-1.00479	0.00137852
7	-1.00104	-1.00426	0.00128174
8	-1.00416	-1.00424	0.00112158
9	-1.00332	-1.00414	0.00100169
10	-0.999529	-1.00368	0.0010021
11	-1.00645	-1.00393	0.00094213
12	-1.00566	-1.00408	0.000874566
13	-1.00613	-1.00423	0.000821379
14	-1.00259	-1.00412	0.000771102
15	-1.00834	-1.0044	0.000769452
16	-0.999406	-1.00409	0.000782073
17	-1.00817	-1.00433	0.00077213
18	-1.00211	-1.0042	0.000739005
19	-0.999582	-1.00396	0.000739055
20	-0.991054	-1.00331	0.000942619
