1	0.02438	0.02438	0
2	0.02012	0.02225	0.00150614
3	0.019712	0.021404	0.00121875
4	0.024788	0.02225	0.00117145
5	0.027972	0.0233944	0.0013878
6	0.032008	0.02483	0.00174784
7	0.020984	0.0242806	0.00158215
8	0.019808	0.0237215	0.00147987
9	0.025452	0.0239138	0.00132787
10	0.02214	0.0237364	0.00120687
11	0.023656	0.0237291	0.00109718
12	0.027748	0.024064	0.00105562
13	0.032532	0.0247154	0.00115809
14	0.022608	0.0245649	0.0010851
15	0.040572	0.025632	0.00144519
16	0.036416	0.026306	0.00150384
17	0.029296	0.0264819	0.00142563
18	0.017408	0.0259778	0.00143278
19	0.030592	0.0262206	0.0013778
20	0.033852	0.0266022	0.00136072
1	0.025792	0.025792	0
2	0.02826	0.027026	0.00087257
3	0.030256	0.0281027	0.00105413
4	0.01504	0.024837	0.00293658
5	0.02888	0.0256456	0.00245807
6	0.017852	0.0243467	0.00236684
7	0.03008	0.0251657	0.0021658
8	0.03552	0.02646	0.0022488
9	0.030092	0.0268636	0.00203482
10	0.02684	0.0268612	0.00183134
11	0.031084	0.0272451	0.00170462
12	0.030212	0.0274923	0.00158039
13	0.033892	0.0279846	0.00153358
14	0.025672	0.0278194	0.00143291
15	0.026572	0.0277363	0.00133979
16	0.04042	0.028529	0.00147201
17	0.030596	0.0286506	0.00139044
18	0.034556	0.0289787	0.00135134
19	0.026292	0.0288373	0.0012876
20	0.023336	0.0285622	0.00125225
1	0.038708	0.038708	0
2	0.033844	0.036276	0.00171968
3	0.025028	0.0325267	0.00326895
4	0.025676	0.030814	0.00286545
5	0.02646	0.0299432	0.00242106
6	0.02492	0.029106	0.00215745
7	0.0299	0.0292194	0.00185223
8	0.03122	0.0294695	0.00163749
9	0.036432	0.0302431	0.00162807
10	0.02902	0.0301208	0.00146985
11	0.020812	0.0292745	0.00156094
12	0.033252	0.029606	0.00146563
13	0.02292	0.0290917	0.0014403
14	0.027964	0.0290111	0.00133968
15	0.028168	0.0289549	0.00125154
16	0.026304	0.0287893	0.00118424
17	0.027056	0.0286873	0.00111896
18	0.0249	0.0284769	0.00107639
19	0.024832	0.0282851	0.00103669
20	0.025836	0.0281626	0.000992065
1	0.03078	0.03078	0
2	0.023228	0.027004	0.00267004
3	0.033472	0.02916	0.00250347
4	0.029896	0.029344	0.00188435
5	0.029432	0.0293616	0.00150757
6	0.034208	0.0301693	0.00145671
7	0.042504	0.0319314	0.00205437
8	0.03126	0.0318475	0.00179929
9	0.036104	0.0323204	0.00166036
10	0.02214	0.0313024	0.00177926
11	0.027068	0.0309175	0.00165863
12	0.028472	0.0307137	0.00153288
13	0.034604	0.0310129	0.00144388
14	0.022172	0.0303814	0.00147238
15	0.02786	0.0302133	0.00138378
16	0.022476	0.0297297	0.00137921
17	0.0342	0.0299927	0.00132291
18	0.026012	0.0297716	0.00126776
19	0.029024	0.0297322	0.00120165
20	0.037828	0.030137	0.00120782
1	0.037884	0.037884	0
2	0.025628	0.031756	0.00433315
3	0.019172	0.0275613	0.00448053
4	0.033324	0.029002	0.00358454
5	0.037548	0.0307112	0.00324967
6	0.034096	0.0312753	0.00275659
7	0.02376	0.0302017	0.00256336
8	0.027864	0.0299095	0.00225953
9	0.021136	0.0289347	0.00220877
10	0.034	0.0294412	0.00204515
11	0.03164	0.0296411	0.00186897
12	0.03206	0.0298427	0.00172406
13	0.028304	0.0297243	0.0015955
14	0.02752	0.0295669	0.00148928
15	0.022988	0.0291283	0.00145314
16	0.03416	0.0294427	0.00139594
17	0.016916	0.0287059	0.00149572
18	0.030212	0.0287896	0.00141496
19	0.03098	0.0289048	0.00134518
20	0.029936	0.0289564	0.0012789
1	0.033772	0.033772	0
2	0.025372	0.029572	0.00296985
3	0.035484	0.0315427	0.00255128
4	0.023356	0.029496	0.00260825
5	0.025848	0.0287664	0.00218626
6	0.040476	0.030718	0.00254818
7	0.031336	0.0308063	0.00218568
8	0.031628	0.030909	0.00191488
9	0.030836	0.0309009	0.00170214
10	0.02712	0.0305228	0.00157335
11	0.033932	0.0308327	0.00146053
12	0.02898	0.0306783	0.00134695
13	0.037656	0.0312151	0.00134604
14	0.028964	0.0310543	0.00125946
15	0.029712	0.0309648	0.00117867
16	0.024896	0.0305855	0.00116444
17	0.03168	0.0306499	0.00109772
18	0.021368	0.0301342	0.0011515
19	0.02418	0.0298208	0.00113274
20	0.025604	0.02961	0.00109555
1	0.025384	0.025384	0
2	0.033556	0.02947	0.00288924
3	0.021624	0.0268547	0.00287577
4	0.039972	0.030134	0.00356615
5	0.034756	0.0310584	0.00297031
6	0.037608	0.03215	0.00266832
7	0.030472	0.0319103	0.00229787
8	0.033528	0.0321125	0.00201952
9	0.02818	0.0316756	0.00184179
10	0.03052	0.03156	0.00166123
11	0.035712	0.0319375	0.0015525
12	0.024644	0.0313297	0.0015375
13	0.03162	0.031352	0.00141939
14	0.032312	0.0314206	0.00131966
15	0.025284	0.0310115	0.00129354
16	0.026616	0.0307368	0.00124153
17	0.029748	0.0306786	0.00116986
18	0.026624	0.0304533	0.00112634
19	0.026588	0.0302499	0.00108528
20	0.031816	0.0303282	0.00103384
1	0.034476	0.034476	0
2	0.030188	0.032332	0.00151604
3	0.035332	0.033332	0.00129929
4	0.0249	0.031224	0.00206938
5	0.031532	0.0312856	0.00165642
6	0.028196	0.0307707	0.0014582
7	0.0381	0.0318177	0.00158174
8	0.029436	0.03152	0.00141176
9	0.033244	0.0317116	0.00126783
10	0.018964	0.0304368	0.00166267
11	0.043348	0.0316105	0.00188073
12	0.032368	0.0316737	0.00172506
13	0.030196	0.03156	0.0015961
14	0.031868	0.031582	0.00148225
15	0.034572	0.0317813	0.00139677
16	0.04188	0.0324125	0.00144506
17	0.031096	0.0323351	0.00136213
18	0.031912	0.0323116	0.00128666
19	0.027632	0.0320653	0.00124229
20	0.02942	0.031933	0.00118719
1	0.038888	0.038888	0
2	0.027804	0.033346	0.00391879
3	0.029592	0.0320947	0.0028052
4	0.02242	0.029676	0.00296882
5	0.02616	0.0289728	0.00245692
6	0.030872	0.0292893	0.00206773
7	0.02612	0.0288366	0.00182123
8	0.04332	0.030647	0.00232539
9	0.03546	0.0311818	0.00212762
10	0.032232	0.0312868	0.00191744
11	0.038476	0.0319404	0.00185117
12	0.036476	0.0323183	0.00173506
13	0.032588	0.0323391	0.00160172
14	0.031368	0.0322697	0.00148881
15	0.02818	0.0319971	0.0014143
16	0.034388	0.0321465	0.00133378
17	0.039364	0.0325711	0.00132117
18	0.02716	0.0322704	0.00128151
19	0.033884	0.0323554	0.00121688
20	0.025636	0.0320194	0.00120152
1	0.040144	0.040144	0
2	0.043268	0.041706	0.0011045
3	0.024708	0.03604	0.0046845
4	0.0357	0.035955	0.00351415
5	0.030724	0.0349088	0.00296296
6	0.03194	0.034414	0.00251011
7	0.043496	0.0357114	0.00246412
8	0.03102	0.035125	0.00222479
9	0.0275	0.0342778	0.00213282
10	0.022012	0.0330512	0.0022447
11	0.02004	0.0318684	0.00233154
12	0.030864	0.0317847	0.00213875
13	0.040464	0.0324523	0.00207582
14	0.033872	0.0325537	0.00193003
15	0.03596	0.0327808	0.00181467
16	0.035324	0.0329398	0.0017082
17	0.033712	0.0329852	0.00160832
18	0.03156	0.032906	0.00152092
19	0.035128	0.0330229	0.00144536
20	0.033728	0.0330582	0.00137352
1	0.031388	0.031388	0
2	0.031408	0.031398	7.07107e-06
3	0.036292	0.0330293	0.00133199
4	0.04562	0.036177	0.00290325
5	0.032916	0.0355248	0.00239473
6	0.037416	0.03584	0.00201625
7	0.0378	0.03612	0.00174755
8	0.036776	0.036202	0.00153103
9	0.020872	0.0344987	0.00210501
10	0.033876	0.0344364	0.00189543
11	0.032152	0.0342287	0.00173445
12	0.041064	0.0347983	0.00168085
13	0.036276	0.034912	0.00155539
14	0.03042	0.0345911	0.00147701
15	0.029892	0.0342779	0.00141138
16	0.035592	0.03436	0.00132556
17	0.023256	0.0337068	0.00139929
18	0.027484	0.0333611	0.00136359
19	0.03004	0.0331863	0.00130297
20	0.030324	0.0330432	0.00124566
1	0.0314	0.0314	0
2	0.034796	0.033098	0.00120067
3	0.029452	0.0318827	0.00127491
4	0.032364	0.032003	0.000961847
5	0.029784	0.0315592	0.00086583
6	0.034292	0.0320147	0.000832751
7	0.024012	0.0308714	0.00127662
8	0.017992	0.0292615	0.00187501
9	0.023564	0.0286284	0.00177033
10	0.038788	0.0296444	0.00186213
11	0.038192	0.0304215	0.00184788
12	0.026868	0.0301253	0.00171745
13	0.034028	0.0304255	0.00161136
14	0.034212	0.030696	0.00151879
15	0.02882	0.0305709	0.00142268
16	0.031204	0.0306105	0.00133431
17	0.027552	0.0304306	0.0012679
18	0.03802	0.0308522	0.00126562
19	0.026028	0.0305983	0.00122422
20	0.034876	0.0308122	0.00118154
1	0.040356	0.040356	0
2	0.037316	0.038836	0.0010748
3	0.030264	0.0359787	0.00244056
4	0.03912	0.036764	0.00195269
5	0.033832	0.0361776	0.00164785
6	0.031044	0.035322	0.00157979
7	0.041288	0.0361743	0.00156724
8	0.031248	0.0355585	0.00148739
9	0.024912	0.0343756	0.00172971
10	0.03866	0.034804	0.00160893
11	0.03008	0.0343745	0.00151889
12	0.033052	0.0342643	0.00139631
13	0.03062	0.033984	0.00131674
14	0.022364	0.033154	0.00146105
15	0.032952	0.0331405	0.00136371
16	0.027588	0.0327935	0.0013219
17	0.026932	0.0324487	0.00128832
18	0.03264	0.0324593	0.00121679
19	0.034452	0.0325642	0.00115726
20	0.034804	0.0326762	0.0011048
1	0.027028	0.027028	0
2	0.033568	0.030298	0.00231224
3	0.035488	0.032028	0.00209081
4	0.031724	0.031952	0.00156948
5	0.033648	0.0322912	0.00129172
6	0.041452	0.033818	0.00176105
7	0.029692	0.0332286	0.00160509
8	0.030964	0.0329455	0.0014292
9	0.03644	0.0333338	0.00132209
10	0.043792	0.0343796	0.00154925
11	0.04346	0.0352051	0.00161341
12	0.016724	0.033665	0.00208843
13	0.037848	0.0339868	0.00195242
14	0.039524	0.0343823	0.00185259
15	0.041228	0.0348387	0.00178441
16	0.0341	0.0347925	0.00167348
17	0.02686	0.0343259	0.0016388
18	0.03352	0.0342811	0.00154837
19	0.032564	0.0341907	0.00146951
20	0.036856	0.034324	0.00140207
1	0.030844	0.030844	0
2	0.03808	0.034462	0.00255831
3	0.039888	0.0362707	0.00225604
4	0.024148	0.03324	0.00312277
5	0.036368	0.0338656	0.00256011
6	0.0363	0.0342713	0.00216534
7	0.031396	0.0338606	0.00189456
8	0.042712	0.034967	0.0019543
9	0.032836	0.0347302	0.00175144
10	0.03678	0.0349352	0.00158824
11	0.036552	0.0350822	0.00145064
12	0.03072	0.0347187	0.00137455
13	0.03642	0.0348495	0.00127503
14	0.037656	0.03505	0.00119961
15	0.041512	0.0354808	0.00119449
16	0.03578	0.0354995	0.00111998
17	0.0326	0.0353289	0.00106701
18	0.032908	0.0351944	0.00101617
19	0.0419	0.0355474	0.00102214
20	0.039632	0.0357516	0.000991224
1	0.037832	0.037832	0
2	0.040996	0.039414	0.00111864
3	0.033436	0.0374213	0.00178978
4	0.041256	0.03838	0.00157834
5	0.037464	0.0381968	0.00127326
6	0.03718	0.0380273	0.00107227
7	0.0394	0.0382234	0.000936844
8	0.035912	0.0379345	0.000863143
9	0.028376	0.0368724	0.00126146
10	0.0419	0.0373752	0.00123143
11	0.032564	0.0369378	0.00119464
12	0.032004	0.0365267	0.00116369
13	0.039876	0.0367843	0.00110233
14	0.035132	0.0366663	0.00102989
15	0.030504	0.0362555	0.00103994
16	0.044492	0.0367702	0.00109497
17	0.040028	0.0369619	0.00104719
18	0.046104	0.0374698	0.00110534
19	0.053824	0.0383305	0.00134106
20	0.038236	0.0383258	0.00127402
1	0.035564	0.035564	0
2	0.035352	0.035458	7.49533e-05
3	0.037464	0.0361267	0.000548246
4	0.031788	0.035042	0.0010254
5	0.031924	0.0344184	0.000991982
6	0.029916	0.033668	0.00107359
7	0.043832	0.03512	0.00162909
8	0.0477	0.0366925	0.00204831
9	0.032948	0.0362764	0.0018625
10	0.039456	0.0365944	0.00170317
11	0.03666	0.0366004	0.00154835
12	0.029604	0.0360173	0.00152514
13	0.032672	0.03576	0.00142937
14	0.039688	0.0360406	0.00135453
15	0.025968	0.0353691	0.00142096
16	0.040644	0.0356987	0.00136986
17	0.029212	0.0353172	0.00134137
18	0.0372	0.0354218	0.00127092
19	0.039408	0.0356316	0.00122123
20	0.037268	0.0357134	0.0011629
1	0.038864	0.038864	0
2	0.043228	0.041046	0.00154291
3	0.02736	0.036484	0.00386427
4	0.039592	0.037261	0.00297529
5	0.023228	0.0344544	0.00345935
6	0.02452	0.0327987	0.003255
7	0.047076	0.0348383	0.00336896
8	0.053708	0.037197	0.0036821
9	0.039728	0.0374782	0.0032837
10	0.031712	0.0369016	0.00300553
11	0.03718	0.0369269	0.00273241
12	0.05096	0.0380963	0.00274356
13	0.03672	0.0379905	0.00253456
14	0.043676	0.0383966	0.00238583
15	0.038816	0.0384245	0.00222694
16	0.032892	0.0380788	0.00211443
17	0.02622	0.0373812	0.00210198
18	0.032936	0.0371342	0.00199965
19	0.039376	0.0372522	0.00189789
20	0.033672	0.0370732	0.00181142
1	0.033312	0.033312	0
2	0.043272	0.038292	0.00352139
3	0.037536	0.03804	0.00235659
4	0.04774	0.040465	0.00274487
5	0.03758	0.039888	0.00225573
6	0.04126	0.0401167	0.00189133
7	0.04766	0.0411943	0.00190354
8	0.038792	0.040894	0.00168912
9	0.046544	0.0415218	0.00161389
10	0.049648	0.0423344	0.0016444
11	0.032388	0.0414302	0.0017257
12	0.033932	0.0408053	0.00169124
13	0.042916	0.0409677	0.00156892
14	0.04434	0.0412086	0.00147523
15	0.028812	0.0403821	0.00159162
16	0.041316	0.0404405	0.00149322
17	0.044396	0.0406732	0.00142339
18	0.045844	0.0409604	0.001373
19	0.048528	0.0413587	0.00135728
20	0.04616	0.0415988	0.00131047
1	0.035992	0.035992	0
2	0.03996	0.037976	0.0014029
3	0.050388	0.0421133	0.0035052
4	0.030476	0.039204	0.00364133
5	0.036268	0.0386168	0.00296003
6	0.037776	0.0384767	0.00247001
7	0.038248	0.038444	0.00211736
8	0.021392	0.0363125	0.00272174
9	0.037128	0.0364031	0.00242083
10	0.046308	0.0373936	0.00237274
11	0.029808	0.036704	0.00225502
12	0.039808	0.0369627	0.00208189
13	0.043216	0.0374437	0.00197653
14	0.025652	0.0366014	0.0020068
15	0.038072	0.0366995	0.00187541
16	0.044208	0.0371688	0.00181596
17	0.026144	0.0365202	0.00182126
18	0.040204	0.0367249	0.00173154
19	0.04062	0.0369299	0.0016525
20	0.029024	0.0365346	0.00161646
1	0.039276	0.039276	0
2	0.03366	0.036468	0.00198556
3	0.035716	0.0362173	0.00133943
4	0.0438	0.038113	0.00192466
5	0.044944	0.0394792	0.0019657
6	0.050232	0.0412713	0.00231512
7	0.03598	0.0405154	0.00210418
8	0.034524	0.0397665	0.00196993
9	0.037304	0.0394929	0.00176995
10	0.04238	0.0397816	0.00161633
11	0.040228	0.0398222	0.0014699
12	0.050552	0.0407163	0.00159637
13	0.036052	0.0403575	0.00151335
14	0.039276	0.0402803	0.00140723
15	0.046424	0.0406899	0.00137172
16	0.039352	0.0406062	0.00128854
17	0.051192	0.0412289	0.00135487
18	0.031848	0.0407078	0.00137619
19	0.038824	0.0406086	0.00130733
20	0.032668	0.0402116	0.00130085
1	0.041152	0.041152	0
2	0.04356	0.042356	0.000851357
3	0.022684	0.0357987	0.00538404
4	0.030876	0.034568	0.00417631
5	0.0433	0.0363144	0.00368816
6	0.037484	0.0365093	0.00307862
7	0.05218	0.038748	0.00335545
8	0.033412	0.038081	0.00300158
9	0.04352	0.0386853	0.00272823
10	0.032052	0.038022	0.00253476
11	0.029728	0.037268	0.00241387
12	0.039984	0.0374943	0.0022233
13	0.02988	0.0369086	0.00212803
14	0.033068	0.0366343	0.00199363
15	0.031812	0.0363128	0.00188647
16	0.035876	0.0362855	0.00176876
17	0.040856	0.0365544	0.00168502
18	0.040208	0.0367573	0.00160359
19	0.043024	0.0370872	0.00155274
20	0.042112	0.0373384	0.00149529
1	0.033504	0.033504	0
2	0.05288	0.043192	0.00685045
3	0.037212	0.0411987	0.00484831
4	0.052512	0.044027	0.00438427
5	0.025532	0.040328	0.00482162
6	0.039728	0.040228	0.00401905
7	0.054884	0.0423217	0.00395282
8	0.0462	0.0428065	0.00348832
9	0.047264	0.0433018	0.00313569
10	0.044832	0.0434548	0.00282585
11	0.038464	0.0430011	0.00260512
12	0.035004	0.0423347	0.0024718
13	0.02776	0.0412135	0.00252314
14	0.03612	0.0408497	0.002369
15	0.029372	0.0400845	0.00233137
16	0.040616	0.0401178	0.0021859
17	0.04	0.0401108	0.00205732
18	0.043096	0.0402767	0.0019497
19	0.047888	0.0406773	0.00188779
20	0.030736	0.0401802	0.00185769
1	0.033112	0.033112	0
2	0.053612	0.043362	0.00724784
3	0.0477	0.044808	0.00497405
4	0.041244	0.043917	0.0038095
5	0.05044	0.0452216	0.00326335
6	0.045452	0.04526	0.00271969
7	0.02952	0.0430114	0.00312539
8	0.035116	0.0420245	0.00288634
9	0.038864	0.0416733	0.00258691
10	0.045484	0.0420544	0.00235612
11	0.041796	0.0420309	0.00214204
12	0.037656	0.0416663	0.00199432
13	0.05	0.0423074	0.00194121
14	0.037964	0.0419971	0.00182718
15	0.024868	0.0408552	0.0020311
16	0.047356	0.0412615	0.00194437
17	0.030568	0.0406325	0.00192906
18	0.035396	0.0403416	0.0018437
19	0.04554	0.0406152	0.00176685
20	0.043572	0.040763	0.00168468
1	0.058264	0.058264	0
2	0.028812	0.043538	0.0104129
3	0.05096	0.046012	0.00722983
4	0.033848	0.042971	0.00602809
5	0.037068	0.0417904	0.00493673
6	0.051776	0.0434547	0.00438551
7	0.047124	0.0439789	0.0037902
8	0.047996	0.044481	0.00334953
9	0.047512	0.0448178	0.00299424
10	0.044268	0.0447628	0.00269532
11	0.042028	0.0445142	0.00246173
12	0.047992	0.044804	0.00227358
13	0.047032	0.0449754	0.00210514
14	0.034764	0.044246	0.00207729
15	0.036464	0.0437272	0.00200254
16	0.049584	0.0440932	0.00191055
17	0.040244	0.0438668	0.00181153
18	0.0456	0.0439631	0.00171345
19	0.040356	0.0437733	0.00163375
20	0.044384	0.0438038	0.00155235
1	0.038168	0.038168	0
2	0.045384	0.041776	0.00255124
3	0.051384	0.0449787	0.00311943
4	0.031508	0.041611	0.00373892
5	0.050916	0.043472	0.00342309
6	0.05	0.04456	0.00302053
7	0.052892	0.0457503	0.0028138
8	0.046436	0.045836	0.00246338
9	0.054184	0.0467636	0.00235784
10	0.043236	0.0464108	0.00214828
11	0.046568	0.0464251	0.00195303
12	0.040484	0.04593	0.00185197
13	0.04556	0.0459015	0.00170973
14	0.039244	0.045426	0.00165241
15	0.054044	0.0460005	0.00163909
16	0.050156	0.0462602	0.00155709
17	0.039256	0.0458482	0.00151903
18	0.043884	0.0457391	0.00143855
19	0.041908	0.0455375	0.0013769
20	0.045964	0.0455588	0.00130822
1	0.037392	0.037392	0
2	0.049592	0.043492	0.00431335
3	0.047776	0.04492	0.00310296
4	0.046676	0.045359	0.00235807
5	0.047276	0.0457424	0.00191737
6	0.052016	0.046788	0.0018612
7	0.041572	0.0460429	0.00173809
8	0.053392	0.0469615	0.0017468
9	0.054136	0.0477587	0.00172505
10	0.041932	0.047176	0.00164801
11	0.05714	0.0480818	0.0017293
12	0.04658	0.0479567	0.00158972
13	0.055632	0.0485471	0.00157325
14	0.044668	0.04827	0.00148508
15	0.043636	0.0479611	0.00141784
16	0.04396	0.047711	0.0013511
17	0.027008	0.0464932	0.00173576
18	0.04398	0.0463536	0.00164494
19	0.052536	0.0466789	0.00159022
20	0.036972	0.0461936	0.00158304
1	0.044824	0.044824	0
2	0.055156	0.04999	0.00365291
3	0.050252	0.0500773	0.00243632
4	0.049044	0.049819	0.00184088
5	0.039624	0.04778	0.00234412
6	0.04932	0.0480367	0.00196743
7	0.047132	0.0479074	0.00169061
8	0.055388	0.0488425	0.00171853
9	0.038524	0.047696	0.00187134
10	0.038964	0.0468228	0.00187691
11	0.043856	0.0465531	0.00172555
12	0.05326	0.047112	0.00166982
13	0.032904	0.0460191	0.00186505
14	0.039884	0.0455809	0.00178257
15	0.019672	0.0438536	0.00235638
16	0.047204	0.044063	0.00221839
17	0.060084	0.0450054	0.0022793
18	0.037976	0.0446149	0.00218587
19	0.049744	0.0448848	0.00208743
20	0.046372	0.0449592	0.00198438
1	0.049768	0.049768	0
2	0.047736	0.048752	0.00071842
3	0.033428	0.043644	0.00419807
4	0.047156	0.044522	0.00323907
5	0.034564	0.0425304	0.00314448
6	0.034696	0.0412247	0.00287877
7	0.030896	0.0397491	0.00282042
8	0.042008	0.0400315	0.00248196
9	0.038744	0.0398884	0.00221031
10	0.040612	0.0399608	0.00199046
11	0.048768	0.0407615	0.00196395
12	0.05332	0.041808	0.00206034
13	0.050484	0.0424754	0.00200704
14	0.043	0.0425129	0.00186403
15	0.035492	0.0420448	0.00179756
16	0.048708	0.0424612	0.00173278
17	0.037848	0.0421899	0.00165197
18	0.04908	0.0425727	0.00160393
19	0.055092	0.0432316	0.00164931
20	0.044216	0.0432808	0.00156758
1	0.044784	0.044784	0
2	0.04188	0.043332	0.00102672
3	0.042632	0.0430987	0.000710499
4	0.058712	0.047002	0.00342213
5	0.056	0.0488016	0.00317583
6	0.046708	0.0484527	0.00266562
7	0.059984	0.0501	0.00274708
8	0.050984	0.0502105	0.00240591
9	0.060052	0.051304	0.00237412
10	0.05432	0.0516056	0.00215578
11	0.05322	0.0517524	0.00196479
12	0.043976	0.0511043	0.00190493
13	0.04084	0.0503148	0.00191505
14	0.036376	0.0493191	0.00202056
15	0.056828	0.0498197	0.00194688
16	0.038164	0.0490912	0.00195675
17	0.051388	0.0492264	0.00184631
18	0.047744	0.049144	0.00174557
19	0.045956	0.0489762	0.00166174
20	0.048164	0.0489356	0.00157915
1	0.045608	0.045608	0
2	0.054836	0.050222	0.00326259
3	0.041584	0.0473427	0.0032028
4	0.04594	0.046992	0.00242122
5	0.057664	0.0491264	0.00271963
6	0.061152	0.0511307	0.00291272
7	0.04722	0.050572	0.00254964
8	0.045572	0.049947	0.00230626
9	0.041224	0.0489778	0.00224445
10	0.05684	0.049764	0.00215331
11	0.07098	0.0516927	0.00268586
12	0.057672	0.052191	0.00250783
13	0.048308	0.0518923	0.00233264
14	0.034156	0.0506254	0.00248636
15	0.054144	0.05086	0.00233164
16	0.042248	0.0503217	0.00224718
17	0.043588	0.0499256	0.00214962
18	0.04588	0.0497009	0.00204192
19	0.053324	0.0498916	0.00194333
20	0.051992	0.0499966	0.001849
1	0.038156	0.038156	0
2	0.050048	0.044102	0.00420446
3	0.046492	0.0448987	0.00287746
4	0.047024	0.04543	0.0022066
5	0.041236	0.0445912	0.0019181
6	0.059708	0.0471107	0.00280084
7	0.034044	0.045244	0.00295806
8	0.046536	0.0454055	0.00259271
9	0.052664	0.046212	0.00242683
10	0.04164	0.0457548	0.00222679
11	0.052136	0.0463349	0.00209856
12	0.051676	0.04678	0.00197032
13	0.054752	0.0473932	0.0019118
14	0.049072	0.0475131	0.001779
15	0.059448	0.0483088	0.0018297
16	0.05676	0.048837	0.00178996
17	0.064716	0.0497711	0.00191292
18	0.062156	0.0504591	0.00192642
19	0.05722	0.0508149	0.0018576
20	0.054552	0.0510018	0.00177409
1	0.045804	0.045804	0
2	0.069908	0.057856	0.00852205
3	0.035284	0.050332	0.00836769
4	0.038936	0.047483	0.00674336
5	0.058432	0.0496728	0.00573924
6	0.051272	0.0499393	0.00478888
7	0.038092	0.0482469	0.00439366
8	0.039812	0.0471925	0.00396895
9	0.039928	0.0463853	0.0036091
10	0.0449	0.0462368	0.00325124
11	0.050224	0.0465993	0.00297581
12	0.045204	0.046483	0.0027301
13	0.047004	0.0465231	0.00252039
14	0.04294	0.0462671	0.00235332
15	0.06334	0.0474053	0.0024563
16	0.033936	0.0465635	0.00244278
17	0.03192	0.0457021	0.00244625
18	0.057776	0.0463729	0.00240055
19	0.059196	0.0470478	0.00236718
20	0.036332	0.046512	0.00230866
1	0.049608	0.049608	0
2	0.066736	0.058172	0.00605566
3	0.056036	0.05746	0.00407875
4	0.05492	0.056825	0.0031081
5	0.046252	0.0547104	0.00312407
6	0.052356	0.054318	0.00262792
7	0.04306	0.0527097	0.00270016
8	0.046568	0.051942	0.00246936
9	0.051988	0.0519471	0.002195
10	0.065016	0.053254	0.00233233
11	0.05024	0.05298	0.00213633
12	0.04392	0.052225	0.00208746
13	0.052088	0.0522145	0.00192691
14	0.060428	0.0528011	0.00187646
15	0.050908	0.0526749	0.0017556
16	0.066008	0.0535082	0.00183301
17	0.050836	0.0533511	0.00173191
18	0.054652	0.0534233	0.0016372
19	0.055444	0.0535297	0.00155449
20	0.05514	0.0536102	0.00147885
1	0.041084	0.041084	0
2	0.048792	0.044938	0.00272519
3	0.075152	0.0550093	0.00842151
4	0.058876	0.055976	0.00637137
5	0.06414	0.0576088	0.00530219
6	0.047012	0.0558427	0.00470345
7	0.067748	0.0575434	0.00432812
8	0.054696	0.0571875	0.00380171
9	0.052544	0.0566716	0.00341413
10	0.039448	0.0549492	0.00348015
11	0.04192	0.0537647	0.0033593
12	0.066524	0.054828	0.00324327
13	0.04724	0.0542443	0.00304585
14	0.043764	0.0534957	0.00291884
15	0.054432	0.0535581	0.00272491
16	0.03584	0.0524508	0.0027705
17	0.037496	0.0515711	0.00274364
18	0.044196	0.0511613	0.00262163
19	0.03472	0.050296	0.00262257
20	0.058684	0.0507154	0.00252476
1	0.06056	0.06056	0
2	0.042956	0.051758	0.00622395
3	0.066752	0.056756	0.0058198
4	0.04926	0.054882	0.0046568
5	0.046352	0.053176	0.00402582
6	0.069432	0.0558853	0.00416799
7	0.0688	0.0577303	0.0039599
8	0.042524	0.0558295	0.00389448
9	0.049804	0.05516	0.00351883
10	0.043576	0.0540016	0.00335221
11	0.059596	0.0545102	0.0030858
12	0.060072	0.0549737	0.00286324
13	0.051608	0.0547148	0.00265467
14	0.043668	0.0539257	0.00257966
15	0.056192	0.0540768	0.0024121
16	0.04798	0.0536958	0.00229124
17	0.05672	0.0538736	0.00216336
18	0.0475	0.0535196	0.00207195
19	0.039976	0.0528067	0.00208191
20	0.054196	0.0528762	0.00197897
1	0.052268	0.052268	0
2	0.063556	0.057912	0.00399091
3	0.049564	0.0551293	0.00349871
4	0.06612	0.057877	0.00354229
5	0.046832	0.055668	0.00345461
6	0.06542	0.0572933	0.0032387
7	0.055532	0.0570417	0.00278578
8	0.045116	0.055551	0.00280823
9	0.029916	0.0527027	0.00366641
10	0.0659	0.0540224	0.00352931
11	0.050364	0.0536898	0.0032241
12	0.05822	0.0540673	0.00297744
13	0.060924	0.0545948	0.00279473
14	0.055352	0.0546489	0.00259563
15	0.054648	0.0546488	0.00242259
16	0.044548	0.0540175	0.002352
17	0.058344	0.054272	0.00222737
18	0.059992	0.0545898	0.00212617
19	0.053836	0.0545501	0.00201464
20	0.074804	0.0555628	0.00215344
1	0.057324	0.057324	0
2	0.049004	0.053164	0.00294156
3	0.056012	0.0541133	0.00210868
4	0.048816	0.052789	0.0019536
5	0.05052	0.0523352	0.00161473
6	0.050984	0.05211	0.00136122
7	0.049496	0.0517366	0.0012169
8	0.038344	0.0500625	0.00189367
9	0.063124	0.0515138	0.00216923
10	0.051988	0.0515612	0.00195282
11	0.051696	0.0515735	0.00177533
12	0.061528	0.052403	0.00181085
13	0.046144	0.0519215	0.00173438
14	0.060156	0.0525097	0.00170732
15	0.05612	0.0527504	0.00161037
16	0.04724	0.052406	0.00154611
17	0.061932	0.0529664	0.00155339
18	0.049832	0.0527922	0.00147682
19	0.060276	0.0531861	0.00145067
20	0.050832	0.0530684	0.0013829
1	0.04582	0.04582	0
2	0.059376	0.052598	0.00479277
3	0.05644	0.0538787	0.00336193
4	0.059976	0.055403	0.00284612
5	0.051644	0.0546512	0.00237411
6	0.069664	0.0571533	0.00302182
7	0.065284	0.0583149	0.00280449
8	0.051928	0.0575165	0.00256505
9	0.046284	0.0562684	0.00256577
10	0.066096	0.0572512	0.0024903
11	0.0622	0.0577011	0.00230419
12	0.049932	0.0570537	0.00220125
13	0.054128	0.0568286	0.0020434
14	0.055368	0.0567243	0.0019001
15	0.057792	0.0567955	0.00177476
16	0.053116	0.0565655	0.00167867
17	0.055264	0.0564889	0.00158167
18	0.060856	0.0567316	0.00151229
19	0.04142	0.0559257	0.00163336
20	0.048	0.0555294	0.00159905
1	0.057256	0.057256	0
2	0.05918	0.058218	0.000680237
3	0.055204	0.0572133	0.000937314
4	0.05848	0.05753	0.000754584
5	0.070112	0.0600464	0.00233029
6	0.046208	0.05774	0.00286424
7	0.04322	0.0556657	0.00311694
8	0.0596	0.0561575	0.00276585
9	0.076564	0.0584249	0.00325795
10	0.066944	0.0592768	0.0030415
11	0.061028	0.059436	0.00276916
12	0.043692	0.058124	0.0028322
13	0.079984	0.0598055	0.00307324
14	0.049312	0.059056	0.00294371
15	0.070848	0.0598421	0.0028505
16	0.065952	0.060224	0.0026978
17	0.064872	0.0604974	0.00255293
18	0.074972	0.0613016	0.00253458
19	0.088468	0.0627314	0.00277533
20	0.064936	0.0628416	0.00263875
1	0.065636	0.065636	0
2	0.067536	0.066586	0.000671751
3	0.049628	0.0609333	0.00463706
4	0.074012	0.064203	0.00448476
5	0.05636	0.0626344	0.00385237
6	0.047096	0.0600447	0.00398686
7	0.055104	0.0593389	0.00347922
8	0.05398	0.058669	0.00310813
9	0.050296	0.0577387	0.00289868
10	0.051056	0.0570704	0.00268474
11	0.067416	0.0580109	0.0026002
12	0.05032	0.05737	0.00246123
13	0.047052	0.0565763	0.00239647
14	0.061116	0.0569006	0.00224712
15	0.040772	0.0558253	0.00234047
16	0.081688	0.0574417	0.00269517
17	0.068224	0.058076	0.0026102
18	0.051508	0.0577111	0.00249056
19	0.071332	0.058428	0.00246049
20	0.05722	0.0583676	0.00233821
1	0.068884	0.068884	0
2	0.06826	0.068572	0.000220617
3	0.0584	0.0651813	0.00277237
4	0.053124	0.062167	0.00333737
5	0.062	0.0621336	0.00267007
6	0.053052	0.06062	0.00261916
7	0.0684	0.0617314	0.00246958
8	0.060516	0.0615795	0.00216555
9	0.05878	0.0612684	0.00194714
10	0.071612	0.0623028	0.00200846
11	0.068012	0.0628218	0.00189175
12	0.064144	0.062932	0.00173731
13	0.083536	0.0645169	0.00221145
14	0.036888	0.0625434	0.0027988
15	0.058872	0.0622987	0.0026229
16	0.06802	0.0626562	0.00248322
17	0.057412	0.0623478	0.00235623
18	0.032132	0.0606691	0.00275924
19	0.060792	0.0606756	0.00261403
20	0.029796	0.0591316	0.00290372
1	0.081852	0.081852	0
2	0.069076	0.075464	0.004517
3	0.073952	0.07496	0.00303932
4	0.070868	0.073937	0.0024456
5	0.049348	0.0690192	0.00481411
6	0.067552	0.0687747	0.00401796
7	0.069784	0.0689189	0.00344655
8	0.072052	0.0693105	0.0030379
9	0.070552	0.0694484	0.00270349
10	0.041968	0.0667004	0.00356605
11	0.056096	0.0657364	0.00336966
12	0.058	0.0650917	0.00314992
13	0.055416	0.0643474	0.00299426
14	0.07034	0.0647754	0.00281081
15	0.085752	0.0661739	0.00295087
16	0.06116	0.0658605	0.00278303
17	0.05632	0.0652993	0.00267531
18	0.067388	0.0654153	0.00252919
19	0.07408	0.0658714	0.00243684
20	0.085412	0.0668484	0.00250322
1	0.061416	0.061416	0
2	0.084684	0.07305	0.00822648
3	0.063392	0.0698307	0.00608171
4	0.060312	0.067451	0.00500524
5	0.069536	0.067868	0.00402152
6	0.056424	0.0659607	0.00377659
7	0.076908	0.0675246	0.00354613
8	0.05608	0.066094	0.00337913
9	0.059964	0.0654129	0.00307154
10	0.070628	0.0659344	0.00280831
11	0.062804	0.0656498	0.00256739
12	0.072276	0.066202	0.00241209
13	0.0708	0.0665557	0.00225233
14	0.059464	0.0660491	0.00214765
15	0.068524	0.0662141	0.0020108
16	0.06166	0.0659295	0.00190517
17	0.07496	0.0664607	0.00186569
18	0.051208	0.0656133	0.00194497
19	0.064552	0.0655575	0.00184341
20	0.063304	0.0654448	0.00175468
1	0.056064	0.056064	0
2	0.07118	0.063622	0.00534431
3	0.071424	0.0662227	0.00414766
4	0.053328	0.062999	0.0041798
5	0.065716	0.0635424	0.00337898
6	0.072044	0.0649593	0.00309869
7	0.063356	0.0647303	0.00266448
8	0.076896	0.066251	0.00273112
9	0.065336	0.0661493	0.00242955
10	0.064984	0.0660328	0.00218939
11	0.063036	0.0657604	0.00200723
12	0.065544	0.0657423	0.00184004
13	0.07168	0.0661991	0.00175427
14	0.048928	0.0649654	0.00201661
15	0.069828	0.0652896	0.00190805
16	0.083736	0.0664425	0.00210853
17	0.0741	0.0668929	0.00203204
18	0.077044	0.0674569	0.00199587
19	0.069676	0.0675737	0.00189424
20	0.071784	0.0677842	0.00181119
1	0.060152	0.060152	0
2	0.080284	0.070218	0.00711774
3	0.080988	0.073808	0.00557751
4	0.077372	0.074699	0.0042537
5	0.070972	0.0739536	0.00346766
6	0.064548	0.072386	0.00322463
7	0.068016	0.0717617	0.00282376
8	0.080344	0.0728345	0.00266679
9	0.05638	0.0710062	0.00293094
10	0.087864	0.072692	0.00308478
11	0.056824	0.0712495	0.00312348
12	0.078144	0.071824	0.00291555
13	0.069704	0.0716609	0.00269584
14	0.074508	0.0718643	0.00251094
15	0.084056	0.0726771	0.00247159
16	0.066176	0.0722707	0.00235028
17	0.077312	0.0725673	0.00223065
18	0.078736	0.07291	0.00213289
19	0.078428	0.0732004	0.00204031
20	0.07778	0.0734294	0.0019511
1	0.081144	0.081144	0
2	0.059908	0.070526	0.00750806
3	0.049244	0.063432	0.0076553
4	0.075216	0.066378	0.00628281
5	0.07882	0.0688664	0.00549699
6	0.066436	0.0684613	0.00459573
7	0.069708	0.0686394	0.00394264
8	0.063664	0.0680175	0.00349852
9	0.08864	0.0703089	0.00378654
10	0.065172	0.0697952	0.00344256
11	0.076028	0.0703618	0.00317589
12	0.062768	0.069729	0.00297361
13	0.073796	0.0700418	0.00276128
14	0.078728	0.0706623	0.00263282
15	0.077848	0.0711413	0.0025005
16	0.063212	0.0706458	0.00239283
17	0.070012	0.0706085	0.00225236
18	0.078112	0.0710253	0.00216547
19	0.070348	0.0709897	0.00205179
20	0.086124	0.0717464	0.00208407
1	0.099756	0.099756	0
2	0.086196	0.092976	0.00479418
3	0.082316	0.0894227	0.00431656
4	0.065504	0.083443	0.00610722
5	0.09184	0.0851224	0.00511147
6	0.061532	0.0811907	0.00557009
7	0.091492	0.0826623	0.00496496
8	0.084088	0.0828405	0.00434754
9	0.078508	0.0823591	0.00389104
10	0.089576	0.0830808	0.00356824
11	0.072144	0.0820865	0.00337953
12	0.058612	0.0801303	0.00362007
13	0.081708	0.0802517	0.00334363
14	0.076648	0.0799943	0.0031147
15	0.073388	0.0795539	0.00293802
16	0.071104	0.0790258	0.00280146
17	0.100284	0.0802762	0.00290237
18	0.084664	0.08052	0.00275134
19	0.087704	0.0808981	0.00263239
20	0.070004	0.0803534	0.0025565
1	0.075344	0.075344	0
2	0.079788	0.077566	0.00157119
3	0.095908	0.08368	0.00510077
4	0.071984	0.080756	0.00458774
5	0.086588	0.0819224	0.00381559
6	0.083736	0.0822247	0.00319161
7	0.09314	0.083784	0.00309322
8	0.077332	0.0829775	0.00280974
9	0.068384	0.081356	0.00292829
10	0.092448	0.0824652	0.00283777
11	0.08924	0.0830811	0.00264578
12	0.076984	0.082573	0.0024736
13	0.063492	0.0811052	0.00268369
14	0.081936	0.0811646	0.00249266
15	0.096408	0.0821808	0.00252515
16	0.078668	0.0819612	0.00237685
17	0.057236	0.0805068	0.00264486
18	0.076348	0.0802758	0.00250799
19	0.076976	0.0801021	0.002382
20	0.080952	0.0801446	0.00226328
1	0.073208	0.073208	0
2	0.076196	0.074702	0.00105642
3	0.081236	0.07688	0.00191271
4	0.09904	0.08242	0.00500765
5	0.070556	0.0800472	0.00453356
6	0.088088	0.0813873	0.0039711
7	0.08084	0.0813091	0.00340457
8	0.077284	0.080806	0.00301595
9	0.127996	0.0860493	0.00562359
10	0.085416	0.085986	0.00506159
11	0.09026	0.0863745	0.00461633
12	0.110356	0.088373	0.00464411
13	0.084496	0.0880748	0.00429644
14	0.060096	0.0860763	0.00443003
15	0.087244	0.0861541	0.00413538
16	0.091588	0.0864937	0.00389084
17	0.086716	0.0865068	0.00366198
18	0.072084	0.0857056	0.00354512
19	0.111208	0.0870478	0.00360368
20	0.059164	0.0856536	0.00368333
1	0.088348	0.088348	0
2	0.083804	0.086076	0.00160655
3	0.075936	0.082696	0.0029603
4	0.072224	0.080078	0.0031733
5	0.056716	0.0754056	0.00488976
6	0.067304	0.0740553	0.00425715
7	0.075068	0.0742	0.00365145
8	0.0785	0.0747375	0.00323433
9	0.085048	0.0758831	0.00307116
10	0.090788	0.0773736	0.00310473
11	0.075748	0.0772258	0.00282599
12	0.064364	0.076154	0.00278635
13	0.073996	0.075988	0.00257695
14	0.065384	0.0752306	0.00250172
15	0.07326	0.0750992	0.00233839
16	0.075168	0.0751035	0.00219224
17	0.056544	0.0740118	0.00231925
18	0.078424	0.0742569	0.00220332
19	0.062904	0.0736594	0.00216686
20	0.081144	0.0740336	0.00209059
1	0.088528	0.088528	0
2	0.097096	0.092812	0.00302925
3	0.089828	0.0918173	0.00217668
4	0.08902	0.091118	0.00174123
5	0.081632	0.0892208	0.00219543
6	0.099676	0.0909633	0.00242436
7	0.07558	0.0887657	0.00290822
8	0.062228	0.0854485	0.00401297
9	0.0773	0.0845431	0.00366779
10	0.060356	0.0821244	0.00402018
11	0.076252	0.0815905	0.00368999
12	0.089804	0.082275	0.00344538
13	0.08052	0.08214	0.003183
14	0.069564	0.0812417	0.00307979
15	0.077972	0.0810237	0.00288217
16	0.094464	0.0818637	0.00282179
17	0.066968	0.0809875	0.00278853
18	0.0751	0.0806604	0.00265273
19	0.067684	0.0799775	0.00259954
20	0.07674	0.0798156	0.0024746
1	0.081748	0.081748	0
2	0.086712	0.08423	0.00175504
3	0.0535	0.0739867	0.00844509
4	0.095676	0.079409	0.0078847
5	0.079596	0.0794464	0.00630785
6	0.08092	0.079692	0.00526132
7	0.060468	0.0769457	0.00517707
8	0.086632	0.0781565	0.00466938
9	0.086372	0.0790693	0.00423885
10	0.100792	0.0812416	0.00433599
11	0.056844	0.0790236	0.00447325
12	0.093984	0.0802703	0.00427068
13	0.092632	0.0812212	0.00404664
14	0.111036	0.0833509	0.00428146
15	0.089408	0.0837547	0.00401503
16	0.086976	0.083956	0.00376913
17	0.08108	0.0837868	0.00355121
18	0.084092	0.0838038	0.00335396
19	0.071924	0.0831785	0.00323519
20	0.09722	0.0838806	0.00314869
1	0.112308	0.112308	0
2	0.093048	0.102678	0.00680944
3	0.074588	0.0933147	0.00889136
4	0.110644	0.097647	0.00765153
5	0.083948	0.0949072	0.00659353
6	0.094664	0.0948667	0.00549473
7	0.085764	0.0935663	0.00486121
8	0.091796	0.093345	0.00425859
9	0.08744	0.0926889	0.00383562
10	0.068372	0.0902572	0.00415193
11	0.085584	0.0898324	0.00379616
12	0.073212	0.0884473	0.00372391
13	0.090728	0.0886228	0.00344159
14	0.091864	0.0888543	0.00320354
15	0.087872	0.0887888	0.00299064
16	0.096848	0.0892925	0.00284582
17	0.09554	0.08966	0.00270205
18	0.095568	0.0899882	0.00257179
19	0.081892	0.0895621	0.00247148
20	0.065712	0.0883696	0.00261986
1	0.101092	0.101092	0
2	0.0907	0.095896	0.00367413
3	0.10022	0.0973373	0.00271746
4	0.098292	0.097576	0.00204855
5	0.0962	0.0973008	0.00165722
6	0.096588	0.097182	0.00138527
7	0.113708	0.0995429	0.00248742
8	0.094624	0.098928	0.0022512
9	0.103	0.0993804	0.00204603
10	0.108784	0.100321	0.00204614
11	0.081008	0.0985651	0.00250247
12	0.071024	0.09627	0.00317657
13	0.0945	0.0961338	0.00293514
14	0.08458	0.0953086	0.00283914
15	0.073432	0.0938501	0.00300117
16	0.086104	0.093366	0.00285238
17	0.093372	0.0933664	0.00268459
18	0.09236	0.0933104	0.00253603
19	0.080004	0.0926101	0.00249738
20	0.108952	0.0934272	0.00250261
1	0.114124	0.114124	0
2	0.09192	0.103022	0.0078503
3	0.088348	0.0981307	0.00658331
4	0.076876	0.092817	0.00674945
5	0.113764	0.0970064	0.00657237
6	0.099328	0.0973933	0.00548835
7	0.104216	0.098368	0.00479007
8	0.104708	0.0991605	0.00425636
9	0.10186	0.0994604	0.00379399
10	0.090064	0.0985208	0.00352903
11	0.118404	0.100328	0.00364182
12	0.099968	0.100298	0.00333846
13	0.099392	0.100229	0.00308238
14	0.080892	0.0988474	0.00315653
15	0.10662	0.0993656	0.00298832
16	0.09968	0.0993852	0.00280162
17	0.076	0.0980096	0.0029553
18	0.115552	0.0989842	0.00294743
19	0.094896	0.0987691	0.00280014
20	0.097968	0.098729	0.00266042
1	0.093456	0.093456	0
2	0.096104	0.09478	0.000936209
3	0.087428	0.0923293	0.00209604
4	0.118216	0.098801	0.00582092
5	0.119196	0.10288	0.00591572
6	0.11474	0.104857	0.00524963
7	0.096188	0.103618	0.00464345
8	0.07378	0.0998885	0.00535542
9	0.0986	0.0997453	0.00476229
10	0.09144	0.0989148	0.00435788
11	0.109232	0.0998527	0.00406139
12	0.10208	0.100038	0.00372718
13	0.10238	0.100218	0.00344482
14	0.108716	0.100825	0.0032518
15	0.085116	0.0997781	0.00319922
16	0.112516	0.100574	0.00309674
17	0.130612	0.102341	0.00338129
18	0.053932	0.0996518	0.00412663
19	0.121564	0.100805	0.00406741
20	0.086308	0.10008	0.00392809
1	0.106132	0.106132	0
2	0.125552	0.115842	0.00686601
3	0.113876	0.115187	0.00460851
4	0.090316	0.108969	0.00639852
5	0.102452	0.107666	0.00524989
6	0.116452	0.10913	0.00457459
7	0.078108	0.104698	0.00567532
8	0.098332	0.103902	0.00502139
9	0.092808	0.10267	0.00461229
10	0.093208	0.101724	0.004247
11	0.08848	0.10052	0.00402795
12	0.132368	0.103174	0.00448217
13	0.070148	0.100633	0.00480368
14	0.098608	0.100489	0.00446274
15	0.097384	0.100282	0.00417002
16	0.120036	0.101516	0.00408809
17	0.097296	0.101268	0.00385514
18	0.109516	0.101726	0.0036681
19	0.11826	0.102596	0.00357677
20	0.081904	0.101562	0.00354441
1	0.117564	0.117564	0
2	0.128052	0.122808	0.00370807
3	0.129008	0.124875	0.00299306
4	0.113796	0.122105	0.00328518
5	0.087352	0.115154	0.0067495
6	0.153864	0.121606	0.00814383
7	0.101744	0.118769	0.00745836
8	0.1315	0.12036	0.0066937
9	0.126052	0.120992	0.00597976
10	0.089992	0.117892	0.00613293
11	0.102812	0.116521	0.00572657
12	0.123428	0.117097	0.0052782
13	0.132108	0.118252	0.00499689
14	0.121972	0.118517	0.00464703
15	0.090332	0.116638	0.0047018
16	0.125212	0.117174	0.00443837
17	0.131944	0.118043	0.00426147
18	0.113236	0.117776	0.00403308
19	0.093584	0.116503	0.00401678
20	0.09738	0.115547	0.00392809
1	0.094524	0.094524	0
2	0.105836	0.10018	0.0039994
3	0.146748	0.115703	0.0129516
4	0.130388	0.119374	0.0102208
5	0.112204	0.11794	0.00827664
6	0.125504	0.119201	0.00699255
7	0.116992	0.118885	0.00600073
8	0.110892	0.117886	0.00533317
9	0.114456	0.117505	0.0047542
10	0.129344	0.118689	0.00442373
11	0.137576	0.120406	0.00434203
12	0.091708	0.118014	0.00459179
13	0.089408	0.115814	0.00473658
14	0.126316	0.116564	0.00445726
15	0.093984	0.115059	0.00440698
16	0.090916	0.11355	0.00438226
17	0.131812	0.114624	0.00425411
18	0.137336	0.115886	0.00420073
19	0.138084	0.117054	0.00413892
20	0.145388	0.118471	0.00416738
1	0.102372	0.102372	0
2	0.118088	0.11023	0.00555645
3	0.124272	0.114911	0.00532237
4	0.116924	0.115414	0.0040155
5	0.151716	0.122674	0.00724502
6	0.133476	0.124475	0.00625719
7	0.115568	0.123202	0.00549115
8	0.1255	0.12349	0.00481226
9	0.151084	0.126556	0.00516272
10	0.108076	0.124708	0.00496618
11	0.144836	0.126537	0.0048401
12	0.12734	0.126604	0.00443722
13	0.106168	0.125032	0.00436549
14	0.111548	0.124069	0.00415857
15	0.100596	0.122504	0.00416537
16	0.108712	0.121642	0.00399323
17	0.132232	0.122265	0.00380662
18	0.119692	0.122122	0.00359782
19	0.099764	0.120945	0.00359576
20	0.150812	0.122439	0.00371313
1	0.126392	0.126392	0
2	0.138552	0.132472	0.00429921
3	0.082472	0.115805	0.0139068
4	0.117904	0.11633	0.01044
5	0.11432	0.115928	0.00835975
6	0.151792	0.121905	0.00884903
7	0.1058	0.119605	0.00787831
8	0.151436	0.123584	0.00783412
9	0.102836	0.121278	0.00729496
10	0.143148	0.123465	0.00688549
11	0.144952	0.125419	0.00653073
12	0.140992	0.126716	0.00611409
13	0.124772	0.126567	0.00564561
14	0.135324	0.127192	0.00527689
15	0.108828	0.125968	0.00506513
16	0.092044	0.123848	0.00517332
17	0.109096	0.12298	0.00494125
18	0.133052	0.12354	0.00469831
19	0.136516	0.124223	0.0045004
20	0.09914	0.122968	0.00444669
1	0.148156	0.148156	0
2	0.116164	0.13216	0.0113109
3	0.16614	0.143487	0.0119327
4	0.099248	0.132427	0.0131084
5	0.116332	0.129208	0.0108748
6	0.114632	0.126779	0.00932974
7	0.123392	0.126295	0.00800946
8	0.160348	0.130551	0.0080604
9	0.11272	0.12857	0.0074043
10	0.114844	0.127198	0.00678991
11	0.104472	0.125132	0.00647933
12	0.162896	0.128279	0.00665994
13	0.116044	0.127338	0.00621378
14	0.155756	0.129367	0.00609248
15	0.11714	0.128552	0.00574059
16	0.118192	0.127905	0.0054182
17	0.11068	0.126892	0.00519335
18	0.135772	0.127385	0.00492821
19	0.102912	0.126097	0.00483423
20	0.122192	0.125902	0.00459646
1	0.128556	0.128556	0
2	0.11552	0.122038	0.00460892
3	0.135028	0.126368	0.00468404
4	0.138432	0.129384	0.00437762
5	0.120544	0.127616	0.00384257
6	0.146052	0.130689	0.00425693
7	0.113644	0.128254	0.00428902
8	0.13364	0.128927	0.00380537
9	0.13938	0.130088	0.00355538
10	0.121176	0.129197	0.00330967
11	0.164832	0.132437	0.00431199
12	0.111128	0.130661	0.00430279
13	0.134732	0.130974	0.00398318
14	0.134664	0.131238	0.00370738
15	0.078852	0.127745	0.00483288
16	0.15766	0.129615	0.00487909
17	0.139696	0.130208	0.00462798
18	0.114796	0.129352	0.00444937
19	0.108068	0.128232	0.00435393
20	0.171156	0.130378	0.00463512
1	0.1201	0.1201	0
2	0.165976	0.143038	0.0162196
3	0.119416	0.135164	0.01258
4	0.129408	0.133725	0.00951693
5	0.13496	0.133972	0.00761675
6	0.166356	0.139369	0.00803518
7	0.129452	0.137953	0.00701109
8	0.166656	0.14154	0.00699276
9	0.09754	0.136652	0.00773834
10	0.129436	0.13593	0.00699807
11	0.109468	0.133524	0.00676273
12	0.134104	0.133573	0.00619934
13	0.127044	0.13307	0.00574278
14	0.13878	0.133478	0.00534704
15	0.12608	0.132985	0.00501327
16	0.11298	0.131735	0.00485335
17	0.152488	0.132956	0.00471889
18	0.11086	0.131728	0.00461363
19	0.123416	0.131291	0.0043915
20	0.11862	0.130657	0.00421737
1	0.075136	0.075136	0
2	0.168264	0.1217	0.0329257
3	0.178148	0.140516	0.0267928
4	0.143604	0.141288	0.0201057
5	0.154904	0.144011	0.0162679
6	0.1088	0.138143	0.0145767
7	0.156224	0.140726	0.0127211
8	0.185024	0.146263	0.0122771
9	0.116404	0.142945	0.0113524
10	0.14546	0.143197	0.01022
11	0.129564	0.141957	0.00936573
12	0.11008	0.139301	0.00895406
13	0.141912	0.139502	0.00826754
14	0.108388	0.137279	0.00797011
15	0.139384	0.13742	0.00744001
16	0.12688	0.136761	0.00700411
17	0.108192	0.13508	0.00679072
18	0.152716	0.13606	0.00648375
19	0.120156	0.135223	0.0061963
20	0.140356	0.13548	0.00589179
1	0.148084	0.148084	0
2	0.147104	0.147594	0.000346482
3	0.1547	0.149963	0.00194775
4	0.160104	0.152498	0.00263722
5	0.170768	0.156152	0.00389005
6	0.167296	0.158009	0.00365834
7	0.122724	0.152969	0.00562246
8	0.142072	0.151606	0.00508196
9	0.148724	0.151286	0.00452738
10	0.122136	0.148371	0.00492446
11	0.113216	0.145175	0.00541544
12	0.141248	0.144848	0.00497403
13	0.176644	0.147294	0.00515782
14	0.131184	0.146143	0.00491609
15	0.11832	0.144288	0.00492586
16	0.151532	0.144741	0.00463876
17	0.149392	0.145015	0.00437395
18	0.172808	0.146559	0.00439505
19	0.138424	0.146131	0.00418454
20	0.182452	0.147947	0.00435159
1	0.160236	0.160236	0
2	0.1618	0.161018	0.000552958
3	0.118528	0.146855	0.0115702
4	0.155044	0.148902	0.00885693
5	0.146396	0.148401	0.00709971
6	0.14768	0.148281	0.00591744
7	0.100844	0.141504	0.00806777
8	0.143528	0.141757	0.00706326
9	0.134336	0.140932	0.0063264
10	0.148136	0.141653	0.00573463
11	0.146332	0.142078	0.00522905
12	0.133968	0.141402	0.00483677
13	0.139724	0.141273	0.00446644
14	0.125932	0.140177	0.00427972
15	0.144948	0.140495	0.0040062
16	0.162112	0.141847	0.0039771
17	0.172348	0.143641	0.00412808
18	0.174316	0.145345	0.00423593
19	0.189652	0.147677	0.0046104
20	0.116452	0.146116	0.0046367
1	0.194592	0.194592	0
2	0.190596	0.192594	0.0014128
3	0.159316	0.181501	0.00910597
4	0.158392	0.175724	0.0084661
5	0.15626	0.171831	0.00761545
6	0.168448	0.171267	0.00636705
7	0.17474	0.171763	0.00547676
8	0.155756	0.169763	0.00514472
9	0.184892	0.171444	0.00483994
10	0.186912	0.17299	0.00459649
11	0.189928	0.17453	0.00442903
12	0.151548	0.172615	0.00445482
13	0.17704	0.172955	0.00412513
14	0.160816	0.172088	0.00392055
15	0.174052	0.172219	0.00366136
16	0.156632	0.171245	0.00355977
17	0.14256	0.169558	0.0037289
18	0.162352	0.169157	0.00354316
19	0.160376	0.168695	0.00338669
20	0.188188	0.16967	0.00335467
1	0.15888	0.15888	0
2	0.188024	0.173452	0.010304
3	0.155124	0.167343	0.00848941
4	0.1637	0.166432	0.00641571
5	0.18774	0.170694	0.00639314
6	0.18892	0.173731	0.00600611
7	0.193328	0.176531	0.00576373
8	0.195192	0.178863	0.00549505
9	0.161212	0.176902	0.00522278
10	0.17856	0.177068	0.00470313
11	0.162744	0.175766	0.0044522
12	0.113324	0.170562	0.00644018
13	0.181012	0.171366	0.00599474
14	0.175984	0.171696	0.00557561
15	0.175096	0.171923	0.00520851
16	0.140968	0.169988	0.00522996
17	0.140336	0.168244	0.00520505
18	0.183264	0.169078	0.00498232
19	0.183004	0.169811	0.0047737
20	0.178016	0.170221	0.00455261
1	0.161132	0.161132	0
2	0.229324	0.195228	0.0241095
3	0.199764	0.19674	0.0161204
4	0.162492	0.188178	0.0141829
5	0.191584	0.188859	0.0113627
6	0.17668	0.186829	0.00964851
7	0.155404	0.18234	0.00925583
8	0.15772	0.179263	0.00859526
9	0.16904	0.178127	0.00771492
10	0.151192	0.175433	0.00739868
11	0.181172	0.175955	0.00674444
12	0.19838	0.177824	0.0064361
13	0.19366	0.179042	0.0060552
14	0.170876	0.178459	0.00565071
15	0.12114	0.174637	0.00643766
16	0.211096	0.176916	0.00642594
17	0.230456	0.180065	0.00677591
18	0.202028	0.181286	0.0065084
19	0.174392	0.180923	0.00617596
20	0.182452	0.180999	0.00586763
1	0.17558	0.17558	0
2	0.19906	0.18732	0.00830143
3	0.175428	0.183356	0.00641123
4	0.18804	0.184527	0.0049142
5	0.15388	0.178398	0.0067462
6	0.173936	0.177654	0.00566267
7	0.19676	0.180383	0.00547212
8	0.249888	0.189072	0.00943256
9	0.229164	0.193526	0.0093776
10	0.15858	0.190032	0.00906764
11	0.16904	0.188123	0.00844173
12	0.15652	0.18549	0.0081387
13	0.204992	0.18699	0.00764966
14	0.157988	0.184918	0.00737842
15	0.17748	0.184422	0.00690317
16	0.202108	0.185528	0.00655962
17	0.177668	0.185065	0.00619003
18	0.180936	0.184836	0.00585039
19	0.2437	0.187934	0.00630968
20	0.17768	0.187421	0.00601499
1	0.209544	0.209544	0
2	0.208696	0.20912	0.000299813
3	0.214136	0.210792	0.00137974
4	0.205564	0.209485	0.00153362
5	0.245568	0.216702	0.00657029
6	0.176108	0.209936	0.00825365
7	0.165012	0.203518	0.00923864
8	0.231516	0.207018	0.00872153
9	0.200336	0.206276	0.00778401
10	0.238968	0.209545	0.00766144
11	0.19844	0.208535	0.00703114
12	0.203808	0.208141	0.00645624
13	0.200916	0.207586	0.00598348
14	0.123444	0.201575	0.00802568
15	0.198648	0.20138	0.007493
16	0.153212	0.19837	0.00760546
17	0.201152	0.198533	0.00715984
18	0.221236	0.199795	0.00687226
19	0.206884	0.200168	0.00652069
20	0.233	0.201809	0.00639796
1	0.226232	0.226232	0
2	0.223516	0.224874	0.000960251
3	0.178692	0.20948	0.0125854
4	0.174988	0.200857	0.0120359
5	0.183972	0.19748	0.0100914
6	0.20014	0.197923	0.00841921
7	0.21574	0.200469	0.00759145
8	0.190832	0.199264	0.00673741
9	0.188716	0.198092	0.00608989
10	0.193572	0.19764	0.00549765
11	0.220792	0.199745	0.00538571
12	0.236964	0.202846	0.00576118
13	0.212336	0.203576	0.00536406
14	0.216864	0.204525	0.00506419
15	0.185108	0.203231	0.00488923
16	0.185032	0.202094	0.0047141
17	0.217168	0.20298	0.00451943
18	0.189388	0.202225	0.00433097
19	0.196132	0.201904	0.00411488
20	0.203528	0.201986	0.00390994
1	0.200536	0.200536	0
2	0.202516	0.201526	0.000700036
3	0.233424	0.212159	0.00869407
4	0.196164	0.20816	0.00738306
5	0.202468	0.207022	0.00599357
6	0.20082	0.205988	0.00508299
7	0.162944	0.199839	0.00716885
8	0.176248	0.19689	0.00685245
9	0.223508	0.199848	0.00669898
10	0.251788	0.205042	0.00778653
11	0.196816	0.204294	0.00711448
12	0.202324	0.20413	0.0065235
13	0.264416	0.208767	0.0074908
14	0.262832	0.212629	0.00788863
15	0.23208	0.213926	0.00746854
16	0.198424	0.212957	0.00706432
17	0.265232	0.216032	0.00728736
18	0.17528	0.213768	0.00722564
19	0.21012	0.213576	0.00684789
20	0.224036	0.214099	0.00652544
1	0.195132	0.195132	0
2	0.240192	0.217662	0.0159311
3	0.193508	0.209611	0.0124906
4	0.277768	0.22665	0.0174789
5	0.234036	0.228127	0.0140454
6	0.224528	0.227527	0.0117173
7	0.190396	0.222223	0.0111798
8	0.235116	0.223835	0.00989782
9	0.23494	0.225068	0.00887465
10	0.196536	0.222215	0.00843338
11	0.245036	0.22429	0.00791778
12	0.218812	0.223833	0.00727111
13	0.225524	0.223963	0.00671296
14	0.235988	0.224822	0.00628817
15	0.180208	0.221848	0.00653462
16	0.230112	0.222364	0.00614659
17	0.297924	0.226809	0.00721523
18	0.18928	0.224724	0.00710925
19	0.229168	0.224958	0.00673892
20	0.200784	0.223749	0.00650947
1	0.221788	0.221788	0
2	0.249348	0.235568	0.00974393
3	0.222068	0.231068	0.00746307
4	0.181136	0.218585	0.0121737
5	0.197604	0.214389	0.0104371
6	0.248672	0.220103	0.0101418
7	0.258488	0.225586	0.0100669
8	0.247028	0.228267	0.00915834
9	0.25006	0.230688	0.00845482
10	0.334164	0.241036	0.0124204
11	0.291292	0.245604	0.0121025
12	0.210468	0.242676	0.0114426
13	0.224728	0.241296	0.0106454
14	0.209744	0.239042	0.0101208
15	0.195108	0.236113	0.00986077
16	0.24156	0.236453	0.00925034
17	0.263332	0.238035	0.00884029
18	0.24902	0.238645	0.00837021
19	0.212148	0.23725	0.00804501
20	0.236112	0.237193	0.00764296
1	0.166052	0.166052	0
2	0.29728	0.231666	0.0463961
3	0.310204	0.257845	0.0375981
4	0.26926	0.260699	0.0283066
5	0.251536	0.258866	0.0227046
6	0.26936	0.260615	0.0189877
7	0.244696	0.258341	0.0164108
8	0.253608	0.25775	0.0143701
9	0.231132	0.254792	0.0130742
10	0.289548	0.258268	0.0122201
11	0.234404	0.256098	0.0113001
12	0.199172	0.251354	0.0113104
13	0.276356	0.253278	0.0106026
14	0.280968	0.255255	0.0100281
15	0.257352	0.255395	0.00936051
16	0.245084	0.254751	0.00879763
17	0.164692	0.249453	0.00974546
18	0.27082	0.25064	0.00927606
19	0.193852	0.247651	0.00925685
20	0.271704	0.248854	0.00887178
1	0.30466	0.30466	0
2	0.243368	0.274014	0.02167
3	0.270268	0.272765	0.0144826
4	0.303984	0.28057	0.0127932
5	0.278684	0.280193	0.0102401
6	0.273444	0.279068	0.008595
7	0.379716	0.293446	0.0152143
8	0.295428	0.293694	0.0133146
9	0.26132	0.290097	0.0123115
10	0.2578	0.286867	0.0114962
11	0.20566	0.279485	0.0126004
12	0.271492	0.278819	0.011568
13	0.246296	0.276317	0.0109453
14	0.32574	0.279847	0.0107177
15	0.304616	0.281498	0.0101296
16	0.26628	0.280547	0.00954105
17	0.215136	0.2767	0.00972476
18	0.33348	0.279854	0.00968261
19	0.272072	0.279444	0.00918166
20	0.28096	0.27952	0.00872289
1	0.263372	0.263372	0
2	0.280468	0.27192	0.00604435
3	0.292568	0.278803	0.00691507
4	0.293992	0.2826	0.00614105
5	0.2798	0.28204	0.00493831
6	0.3244	0.2891	0.00764668
7	0.273648	0.286893	0.00686552
8	0.322644	0.291361	0.00731867
9	0.264212	0.288345	0.00710001
10	0.222996	0.28181	0.00890318
11	0.372972	0.290097	0.0113114
12	0.296296	0.290614	0.0103806
13	0.33642	0.294138	0.0101625
14	0.302968	0.294768	0.00945615
15	0.31566	0.296161	0.00892772
16	0.331116	0.298346	0.00863291
17	0.342624	0.30095	0.00850893
18	0.319336	0.301972	0.00809729
19	0.217996	0.297552	0.00879502
20	0.237136	0.294531	0.00885886
1	0.343852	0.343852	0
2	0.315784	0.329818	0.00992354
3	0.23984	0.299825	0.0253668
4	0.346632	0.311527	0.0215558
5	0.301896	0.309601	0.0173305
6	0.329792	0.312966	0.0147652
7	0.351532	0.318475	0.0136451
8	0.330012	0.319917	0.0120154
9	0.312872	0.319135	0.0107058
10	0.33864	0.321085	0.00981132
11	0.375392	0.326022	0.0100853
12	0.306276	0.324377	0.00937815
13	0.28504	0.321351	0.00913187
14	0.241888	0.315675	0.0100905
15	0.264744	0.312279	0.00997272
16	0.27294	0.309821	0.00964776
17	0.193172	0.302959	0.011259
18	0.2765	0.301489	0.010729
19	0.320668	0.302499	0.0102117
20	0.289564	0.301852	0.00972155
1	0.21626	0.21626	0
2	0.362704	0.289482	0.0517758
3	0.381764	0.320243	0.0426878
4	0.361164	0.330473	0.0332191
5	0.275548	0.319488	0.0283334
6	0.369856	0.327883	0.0248236
7	0.2501	0.316771	0.0236339
8	0.395644	0.32663	0.0226429
9	0.353084	0.329569	0.0203169
10	0.365548	0.333167	0.0186011
11	0.293676	0.329577	0.017253
12	0.32836	0.329476	0.0158156
13	0.322576	0.328945	0.0146079
14	0.326436	0.328766	0.0135656
15	0.310956	0.327578	0.0127131
16	0.318968	0.32704	0.0119299
17	0.360896	0.329032	0.0113931
18	0.296728	0.327237	0.0109006
19	0.372624	0.329626	0.0105854
20	0.350396	0.330664	0.0101069
1	0.43032	0.43032	0
2	0.35486	0.39259	0.0266791
3	0.370644	0.385275	0.0187622
4	0.280152	0.358994	0.0267585
5	0.378384	0.362872	0.021686
6	0.331676	0.357673	0.0186845
7	0.30752	0.350508	0.0173346
8	0.239936	0.336686	0.0199303
9	0.294388	0.331987	0.0182616
10	0.28534	0.327322	0.0170207
11	0.344872	0.328917	0.015548
12	0.396636	0.334561	0.0152421
13	0.341516	0.335096	0.014079
14	0.24202	0.328447	0.0145587
15	0.284508	0.325518	0.0138797
16	0.34936	0.327008	0.0130919
17	0.360696	0.32899	0.0124709
18	0.350564	0.330188	0.0118355
19	0.372836	0.332433	0.0114235
20	0.318748	0.331749	0.0108728
1	0.415788	0.415788	0
2	0.408344	0.412066	0.00263185
3	0.329568	0.384567	0.0225216
4	0.365944	0.379911	0.0173657
5	0.341688	0.372266	0.015484
6	0.373412	0.372457	0.0129045
7	0.357184	0.370275	0.011244
8	0.387996	0.372491	0.0100543
9	0.444288	0.380468	0.0116808
10	0.46512	0.388933	0.0132292
11	0.307992	0.381575	0.0139234
12	0.344736	0.378505	0.0130971
13	0.336788	0.375296	0.0124766
14	0.3872	0.376146	0.0116144
15	0.344472	0.374035	0.0110304
16	0.360048	0.373161	0.0103755
17	0.359244	0.372342	0.00979746
18	0.396536	0.373686	0.0093449
19	0.414452	0.375832	0.00909604
20	0.424204	0.37825	0.00895702
1	0.510452	0.510452	0
2	0.3618	0.436126	0.0525564
3	0.37734	0.416531	0.0385178
4	0.322232	0.392956	0.0353746
5	0.37314	0.388993	0.0285208
6	0.315784	0.376791	0.0262478
7	0.51272	0.39621	0.0287988
8	0.365528	0.392374	0.0254531
9	0.34064	0.386626	0.023265
10	0.298188	0.377782	0.0225569
11	0.484984	0.387528	0.0225133
12	0.441172	0.391998	0.0210763
13	0.374284	0.390636	0.0194991
14	0.41012	0.392027	0.0181559
15	0.331304	0.387979	0.017391
16	0.518872	0.39616	0.0181263
17	0.406304	0.396757	0.0170699
18	0.429784	0.398592	0.0162199
19	0.403152	0.398832	0.015368
20	0.459904	0.401885	0.0148999
1	0.443412	0.443412	0
2	0.420616	0.432014	0.0080596
3	0.50222	0.455416	0.0198487
4	0.298408	0.416164	0.03711
5	0.352868	0.403505	0.0317739
6	0.440584	0.409685	0.0270725
7	0.455876	0.416283	0.0239958
8	0.48168	0.424458	0.0223454
9	0.438296	0.425996	0.0199154
10	0.403452	0.423741	0.018051
11	0.353244	0.417332	0.0175108
12	0.414264	0.417077	0.0160534
13	0.403576	0.416038	0.0148521
14	0.406872	0.415383	0.0138056
15	0.286344	0.406781	0.015333
16	0.383468	0.405324	0.0144438
17	0.427236	0.406613	0.0136515
18	0.388956	0.405632	0.0129283
19	0.435156	0.407186	0.0123409
20	0.568056	0.415229	0.0141036
1	0.454844	0.454844	0
2	0.458988	0.456916	0.00146513
3	0.50368	0.472504	0.012765
4	0.366256	0.445942	0.0249161
5	0.430012	0.442756	0.0201355
6	0.443148	0.442821	0.0167797
7	0.421684	0.439802	0.0146518
8	0.400152	0.434845	0.0136328
9	0.50526	0.442669	0.0141866
10	0.400656	0.438468	0.0133756
11	0.332152	0.428803	0.0152571
12	0.480332	0.433097	0.0145774
13	0.422016	0.432245	0.013481
14	0.48924	0.436316	0.0131184
15	0.452488	0.437394	0.012288
16	0.41636	0.436079	0.0115901
17	0.391368	0.433449	0.0112028
18	0.512924	0.437864	0.0114174
19	0.43774	0.437858	0.0108165
20	0.574628	0.444696	0.0122481
1	0.371028	0.371028	0
2	0.496928	0.433978	0.0445124
3	0.615484	0.49448	0.0576275
4	0.498404	0.495461	0.043229
5	0.419344	0.480238	0.0371672
6	0.570668	0.495309	0.033891
7	0.514596	0.498065	0.0291612
8	0.396344	0.485349	0.028152
9	0.477992	0.484532	0.0250359
10	0.558992	0.491978	0.0236136
11	0.411844	0.484693	0.0225626
12	0.613672	0.495441	0.0231011
13	0.50458	0.496144	0.0213348
14	0.478696	0.494898	0.0198472
15	0.488776	0.49449	0.0185283
16	0.402352	0.488731	0.0182432
17	0.441948	0.485979	0.0173764
18	0.428888	0.482808	0.016698
19	0.553948	0.486552	0.0162335
20	0.554384	0.489943	0.0157722
1	0.488296	0.488296	0
2	0.50712	0.497708	0.00665529
3	0.495648	0.497021	0.00447214
4	0.510304	0.500342	0.00441816
5	0.606352	0.521544	0.0192902
6	0.433536	0.506876	0.0209214
7	0.588648	0.518558	0.0209415
8	0.535652	0.520695	0.0184325
9	0.530996	0.521839	0.0164199
10	0.556072	0.525262	0.0151306
11	0.553896	0.527865	0.0139772
12	0.532524	0.528254	0.0128178
13	0.616544	0.535045	0.0135118
14	0.516144	0.533695	0.012614
15	0.53864	0.534025	0.0117773
16	0.544632	0.534688	0.0110599
17	0.458532	0.530208	0.0112801
18	0.627184	0.535596	0.0118705
19	0.581816	0.538028	0.0114923
20	0.47202	0.534728	0.0113818
1	0.684852	0.684852	0
2	0.608264	0.646558	0.0270779
3	0.580196	0.624437	0.025536
4	0.491792	0.591276	0.0345189
5	0.57062	0.587145	0.0278612
6	0.519708	0.575905	0.0253837
7	0.58554	0.577282	0.0217948
8	0.484772	0.565718	0.0219245
9	0.49476	0.557834	0.020858
10	0.644924	0.566543	0.0205099
11	0.68636	0.577435	0.0213427
12	0.504384	0.571348	0.0204139
13	0.484356	0.564656	0.0199101
14	0.574088	0.56533	0.0184994
15	0.493188	0.56052	0.0178803
16	0.578852	0.561666	0.0167995
17	0.637348	0.566118	0.0163906
18	0.558844	0.565714	0.0154849
19	0.422308	0.558166	0.0164066
20	0.527436	0.55663	0.0156581
1	0.59892	0.59892	0
2	0.686624	0.642772	0.031008
3	0.574932	0.620159	0.0277172
4	0.594736	0.613803	0.0215042
5	0.658244	0.622691	0.0189514
6	0.504644	0.603017	0.0239162
7	0.518164	0.590895	0.0233705
8	0.658484	0.599343	0.0219232
9	0.632132	0.602987	0.0197877
10	0.58988	0.601676	0.0178523
11	0.634912	0.604697	0.0164831
12	0.508516	0.596682	0.0169465
13	0.51734	0.590579	0.0167059
14	0.52906	0.586185	0.0160801
15	0.667104	0.591579	0.0158873
16	0.483576	0.584829	0.0162652
17	0.586596	0.584933	0.0153088
18	0.633716	0.587643	0.0146962
19	0.61998	0.589345	0.014021
20	0.535664	0.586661	0.0135744
1	0.541328	0.541328	0
2	0.560876	0.551102	0.00691126
3	0.609812	0.570672	0.0166299
4	0.681632	0.598412	0.0270683
5	0.55322	0.589374	0.0231144
6	0.619456	0.594387	0.0197983
7	0.647508	0.601976	0.0183669
8	0.624344	0.604772	0.0162824
9	0.536348	0.597169	0.016151
10	0.670476	0.6045	0.0161139
11	0.54872	0.599429	0.0154262
12	0.703152	0.608073	0.0163843
13	0.754264	0.619318	0.0185868
14	0.690552	0.624406	0.0179421
15	0.65528	0.626465	0.0168636
16	0.651904	0.628054	0.0158844
17	0.7092	0.632828	0.0156508
18	0.655648	0.634096	0.0148325
19	0.640452	0.63443	0.0140556
20	0.694244	0.637421	0.0136673
1	0.632176	0.632176	0
2	0.585824	0.609	0.0163879
3	0.593916	0.603972	0.0116711
4	0.606976	0.604723	0.00877748
5	0.654648	0.614708	0.0113608
6	0.537532	0.601845	0.0150832
7	0.642864	0.607705	0.0140206
8	0.632092	0.610754	0.0125951
9	0.659532	0.616173	0.0123066
10	0.662196	0.620776	0.0119054
11	0.683012	0.626433	0.012093
12	0.722532	0.634442	0.0134785
13	0.65596	0.636097	0.0125429
14	0.674164	0.638816	0.0119381
15	0.721876	0.644353	0.0123599
16	0.748028	0.650833	0.0131769
17	0.534708	0.644002	0.0140613
18	0.68182	0.646103	0.0134362
19	0.516932	0.639305	0.0143462
20	0.575512	0.636115	0.013979
1	0.823972	0.823972	0
2	0.731932	0.777952	0.0325411
3	0.536972	0.697625	0.0690812
4	0.829172	0.730512	0.0591229
5	0.866948	0.757799	0.0532241
6	0.820412	0.768235	0.0453649
7	0.609504	0.745559	0.0441896
8	0.701092	0.740001	0.0390139
9	0.470852	0.710095	0.0446945
10	0.723764	0.711462	0.0402459
11	0.666364	0.707362	0.0367954
12	0.831908	0.717741	0.0351625
13	0.633092	0.71123	0.0330551
14	0.754896	0.714349	0.0308408
15	0.708112	0.713933	0.0287875
16	0.62894	0.708621	0.027474
17	0.627372	0.703841	0.0262703
18	0.799356	0.709148	0.0253411
19	0.64172	0.705599	0.0242546
20	0.761412	0.70839	0.0232019
1	0.833376	0.833376	0
2	0.748536	0.790956	0.0299955
3	0.796308	0.79274	0.02005
4	0.704524	0.770686	0.0243086
5	0.5255	0.721649	0.0479781
6	0.732536	0.723463	0.0400161
7	0.641244	0.711718	0.035982
8	0.79388	0.721988	0.0329174
9	0.769248	0.727239	0.0296758
10	0.806204	0.735136	0.0277389
11	0.6767	0.729823	0.0257208
12	0.753708	0.731814	0.0236543
13	0.62734	0.723777	0.0231597
14	0.753012	0.725865	0.0215994
15	0.744824	0.727129	0.0201964
16	0.781192	0.730508	0.0192147
17	0.883828	0.739527	0.0200898
18	0.835504	0.744859	0.0196686
19	0.76314	0.745821	0.0186569
20	0.729604	0.74501	0.0177417
1	0.7278	0.7278	0
2	0.851516	0.789658	0.0437402
3	0.911504	0.830273	0.0441594
4	0.753512	0.811083	0.0370554
5	0.7918	0.807226	0.0298444
6	0.605048	0.77353	0.0395568
7	0.79576	0.776706	0.034033
8	0.790664	0.77845	0.0298236
9	0.8028	0.781156	0.0266323
10	0.900032	0.793044	0.0264896
11	0.7474	0.788894	0.0244043
12	0.723572	0.783451	0.0229697
13	0.794372	0.784291	0.0212181
14	0.739156	0.781067	0.019946
15	0.68724	0.774812	0.0195725
16	0.741696	0.772742	0.0184583
17	0.845	0.776992	0.0178552
18	0.62684	0.768651	0.0187107
19	0.645784	0.762184	0.0188102
20	0.905544	0.769352	0.0191869
1	0.868848	0.868848	0
2	0.856316	0.862582	0.00443073
3	0.883684	0.869616	0.00645831
4	0.902648	0.877874	0.00863757
5	0.880608	0.878421	0.00692735
6	0.869204	0.876885	0.00594067
7	0.907336	0.881235	0.00649224
8	0.71234	0.860123	0.0205491
9	0.81328	0.854918	0.0189136
10	0.69896	0.839322	0.0225535
11	0.656728	0.822723	0.0259013
12	0.715264	0.813768	0.0252434
13	0.790664	0.811991	0.0233641
14	0.900932	0.818344	0.0225424
15	0.849844	0.820444	0.0211372
16	0.701428	0.813005	0.0210844
17	0.638924	0.802765	0.0221919
18	0.869884	0.806494	0.02127
19	0.80916	0.806634	0.020151
20	0.9147	0.812038	0.0198546
1	0.748072	0.748072	0
2	0.794656	0.771364	0.0164699
3	0.793792	0.77884	0.0125626
4	0.849648	0.796542	0.0179943
5	0.777388	0.792711	0.0147976
6	0.935908	0.816577	0.0250344
7	0.861556	0.823003	0.0222674
8	0.904496	0.83319	0.0216892
9	0.72286	0.820931	0.0224783
10	0.90704	0.829542	0.0218175
11	0.742508	0.821629	0.0212203
12	0.828148	0.822173	0.0194589
13	0.928164	0.830326	0.0195959
14	0.50012	0.80674	0.0291148
15	0.724616	0.801265	0.0276838
16	0.924736	0.808982	0.0270077
17	0.816864	0.809445	0.025423
18	0.899224	0.814433	0.024495
19	0.833812	0.815453	0.023227
20	0.861768	0.817769	0.0221808
1	0.909556	0.909556	0
2	0.881028	0.895292	0.0100862
3	0.886828	0.892471	0.00710777
4	0.682244	0.839914	0.0458265
5	0.952368	0.862405	0.0418176
6	0.882884	0.865818	0.034987
7	0.898676	0.870512	0.0303021
8	0.800692	0.861784	0.0277427
9	0.764188	0.85094	0.0266956
10	0.600648	0.825911	0.0337797
11	0.911468	0.833689	0.0315916
12	0.89338	0.838663	0.0293479
13	0.625536	0.822269	0.0313367
14	0.88682	0.82688	0.0294356
15	0.869336	0.82971	0.027609
16	0.94884	0.837156	0.0268687
17	0.921164	0.842097	0.0257386
18	0.89424	0.844994	0.0244711
19	0.876572	0.846656	0.0232395
20	0.905172	0.849582	0.022261
1	0.96164	0.96164	0
2	0.931852	0.946746	0.0105316
3	0.726208	0.873233	0.0604321
4	0.936908	0.889152	0.0473743
5	0.717916	0.854905	0.0487305
6	0.931528	0.867675	0.042249
7	0.900704	0.872394	0.0364759
8	0.92952	0.879534	0.0326079
9	0.838212	0.874943	0.0293063
10	0.894868	0.876936	0.0264433
11	0.939372	0.882612	0.024641
12	0.929056	0.886482	0.0228895
13	0.918292	0.888929	0.0212592
14	0.923276	0.891382	0.0198817
15	0.956728	0.895739	0.0190276
16	0.860276	0.893522	0.017967
17	0.931828	0.895776	0.0170508
18	0.917392	0.896976	0.0161458
19	0.799884	0.891866	0.0160844
20	0.7383	0.884188	0.0170144
