1	1.36579	1.36579	0
2	1.35383	1.35981	0.00422937
3	1.40226	1.37396	0.0118931
4	1.35311	1.36875	0.00999668
5	1.39695	1.37439	0.00945605
6	1.37433	1.37438	0.00788005
7	1.41555	1.38026	0.00867631
8	1.41264	1.38431	0.00848362
9	1.38635	1.38453	0.00754403
10	1.40414	1.38649	0.0070397
11	1.37494	1.38544	0.00647765
12	1.4514	1.39094	0.00793416
13	1.3232	1.38573	0.00887153
14	1.34725	1.38298	0.00865322
15	1.38111	1.38286	0.00807723
16	1.3522	1.38094	0.00779628
17	1.40221	1.38219	0.00743741
18	1.39318	1.3828	0.00704925
19	1.33071	1.38006	0.00719165
20	1.39461	1.38079	0.00686878
1	1.41486	1.41486	0
2	1.42614	1.4205	0.00398743
3	1.44665	1.42922	0.0075955
4	1.42779	1.42886	0.00570506
5	1.36711	1.41651	0.0119516
6	1.38271	1.41088	0.0112087
7	1.38477	1.40715	0.0102093
8	1.38774	1.40472	0.00921687
9	1.40445	1.40469	0.00819282
10	1.40141	1.40436	0.0073801
11	1.35515	1.39989	0.00795034
12	1.38317	1.3985	0.00740885
13	1.42088	1.40022	0.00703618
14	1.42047	1.40166	0.00668066
15	1.3736	1.39979	0.00649191
16	1.39815	1.39969	0.00608698
17	1.37731	1.39837	0.00586959
18	1.37206	1.39691	0.00572266
19	1.41224	1.39772	0.00547804
20	1.39777	1.39772	0.00520414
1	1.41465	1.41465	0
2	1.42661	1.42063	0.00422974
3	1.45647	1.43258	0.0101551
4	1.50557	1.45083	0.0175436
5	1.43198	1.44706	0.0144343
6	1.3639	1.4332	0.0174575
7	1.40379	1.429	0.0154607
8	1.3869	1.42373	0.0143959
9	1.43452	1.42493	0.0128461
10	1.4244	1.42488	0.0115616
11	1.41864	1.42431	0.0105244
12	1.45783	1.4271	0.0100111
13	1.39512	1.42464	0.00953857
14	1.43319	1.42525	0.00887675
15	1.36486	1.42123	0.00915272
16	1.44543	1.42274	0.0087048
17	1.40398	1.42164	0.00826244
18	1.43526	1.42239	0.007838
19	1.39528	1.42097	0.00755425
20	1.44388	1.42211	0.00726292
1	1.41851	1.41851	0
2	1.38079	1.39965	0.0133356
3	1.4436	1.4143	0.0149051
4	1.42355	1.41661	0.0113567
5	1.48079	1.42945	0.014641
6	1.4531	1.43339	0.0127204
7	1.34147	1.42026	0.0163301
8	1.42286	1.42058	0.0142921
9	1.41907	1.42042	0.0127051
10	1.42698	1.42107	0.0114515
11	1.45518	1.42417	0.0108222
12	1.42745	1.42445	0.00992379
13	1.49953	1.43022	0.0107099
14	1.45009	1.43164	0.0100385
15	1.43162	1.43164	0.00936926
16	1.44287	1.43234	0.00880993
17	1.43945	1.43276	0.00830163
18	1.46251	1.43441	0.00800324
19	1.45154	1.43531	0.00763264
20	1.37722	1.43241	0.00778414
1	1.4707	1.4707	0
2	1.46091	1.46581	0.0034602
3	1.49091	1.47417	0.00721086
4	1.53607	1.48965	0.0144508
5	1.43906	1.47953	0.0146814
6	1.48154	1.47986	0.0122383
7	1.4412	1.47434	0.0116704
8	1.45883	1.4724	0.0103713
9	1.56204	1.48236	0.0131592
10	1.46331	1.48046	0.0119804
11	1.47979	1.4804	0.0108914
12	1.46285	1.47893	0.0100815
13	1.43285	1.47539	0.00990969
14	1.45523	1.47395	0.00930589
15	1.45862	1.47293	0.00874144
16	1.41006	1.469	0.00903521
17	1.47389	1.46929	0.00850831
18	1.44986	1.46821	0.00810379
19	1.42619	1.46599	0.00797331
20	1.46553	1.46597	0.00757468
1	1.49316	1.49316	0
2	1.51842	1.50579	0.00893111
3	1.50595	1.50585	0.00595422
4	1.47258	1.49753	0.00847494
5	1.45872	1.48977	0.00970433
6	1.51998	1.4948	0.00930231
7	1.49335	1.49459	0.00797572
8	1.49347	1.49445	0.00698001
9	1.48916	1.49386	0.00622921
10	1.54082	1.49856	0.00716068
11	1.46352	1.49537	0.00718346
12	1.5273	1.49803	0.00706023
13	1.48868	1.49731	0.00655373
14	1.53305	1.49987	0.00656389
15	1.4666	1.49765	0.0064902
16	1.45406	1.49492	0.00663181
17	1.48663	1.49444	0.00625962
18	1.49999	1.49475	0.00591946
19	1.52771	1.49648	0.00585665
20	1.46473	1.49489	0.005775
1	1.48057	1.48057	0
2	1.50317	1.49187	0.00798921
3	1.485	1.48958	0.00564492
4	1.52244	1.4978	0.00827778
5	1.51171	1.50058	0.00707428
6	1.47077	1.49561	0.0074379
7	1.55418	1.50398	0.0100328
8	1.49351	1.50267	0.00886365
9	1.56073	1.50912	0.00995343
10	1.54189	1.5124	0.00948212
11	1.51074	1.51225	0.0086213
12	1.51621	1.51258	0.00790917
13	1.48031	1.51009	0.00768037
14	1.57251	1.51455	0.00832585
15	1.50011	1.51359	0.0078263
16	1.45672	1.51003	0.00810416
17	1.55262	1.51254	0.0080052
18	1.5855	1.51659	0.00852517
19	1.55921	1.51884	0.00836629
20	1.50673	1.51823	0.00796983
1	1.51746	1.51746	0
2	1.47321	1.49534	0.0156421
3	1.54087	1.51051	0.016197
4	1.48702	1.50464	0.0131696
5	1.49716	1.50314	0.0106203
6	1.6314	1.52452	0.0214273
7	1.55544	1.52894	0.018816
8	1.60704	1.5387	0.0188274
9	1.51872	1.53648	0.0168658
10	1.57084	1.53992	0.0155252
11	1.54861	1.54071	0.0141339
12	1.58082	1.54405	0.0133455
13	1.5374	1.54354	0.0123287
14	1.51419	1.54144	0.0116249
15	1.54649	1.54178	0.0108548
16	1.54752	1.54214	0.0101823
17	1.63589	1.54765	0.0109757
18	1.52606	1.54645	0.0104313
19	1.55246	1.54677	0.00988706
20	1.48243	1.54355	0.00990221
1	1.5682	1.5682	0
2	1.53244	1.55032	0.0126436
3	1.54237	1.54767	0.00870222
4	1.50774	1.53769	0.0108322
5	1.49733	1.52961	0.0112789
6	1.65287	1.55016	0.0209763
7	1.51835	1.54561	0.0184652
8	1.61164	1.55387	0.0179067
9	1.55124	1.55357	0.0159194
10	1.50647	1.54886	0.0150083
11	1.60145	1.55364	0.0143852
12	1.618	1.55901	0.014151
13	1.53813	1.5574	0.0131533
14	1.5748	1.55865	0.0122723
15	1.60808	1.56194	0.0118885
16	1.56346	1.56204	0.0111458
17	1.57464	1.56278	0.0105148
18	1.57854	1.56365	0.00996708
19	1.58051	1.56454	0.00948191
20	1.49511	1.56107	0.00962236
1	1.53874	1.53874	0
2	1.57472	1.55673	0.0127209
3	1.53134	1.54827	0.0109388
4	1.60309	1.56198	0.0144292
5	1.55898	1.56138	0.0115558
6	1.62218	1.57151	0.0133533
7	1.61864	1.57824	0.0130327
8	1.62164	1.58367	0.0124818
9	1.56801	1.58193	0.0112155
10	1.60679	1.58441	0.0103659
11	1.5543	1.58168	0.00977836
12	1.54816	1.57888	0.00935387
13	1.57109	1.57828	0.00865353
14	1.57051	1.57773	0.00805324
15	1.53875	1.57513	0.00792453
16	1.58398	1.57568	0.0074485
17	1.63129	1.57895	0.00769504
18	1.61168	1.58077	0.00747923
19	1.65637	1.58475	0.00807488
20	1.62141	1.58658	0.00787638
1	1.62003	1.62003	0
2	1.66709	1.64356	0.0166363
3	1.66427	1.65047	0.0124414
4	1.59241	1.63595	0.015654
5	1.67479	1.64372	0.0143214
6	1.63009	1.64145	0.0121133
7	1.63686	1.64079	0.0104006
8	1.58003	1.6332	0.0115456
9	1.64243	1.63422	0.0103081
10	1.6247	1.63327	0.00932125
11	1.60102	1.63034	0.0089229
12	1.61976	1.62946	0.00822274
13	1.53813	1.62243	0.0101572
14	1.58565	1.6198	0.00976567
15	1.61975	1.6198	0.00911463
16	1.61887	1.61974	0.00854515
17	1.61412	1.61941	0.0080489
18	1.64714	1.62095	0.00774771
19	1.67623	1.62386	0.00786731
20	1.65366	1.62535	0.0076137
1	1.68934	1.68934	0
2	1.68214	1.68574	0.0025456
3	1.64692	1.6728	0.0107027
4	1.66208	1.67012	0.00835613
5	1.67385	1.67087	0.00671818
6	1.62208	1.66274	0.00929722
7	1.64519	1.66023	0.00829995
8	1.72019	1.66772	0.0100942
9	1.6506	1.66582	0.00915031
10	1.66098	1.66534	0.00824805
11	1.63667	1.66273	0.00789935
12	1.60357	1.6578	0.00864389
13	1.72535	1.663	0.00941221
14	1.65213	1.66222	0.00877186
15	1.63551	1.66044	0.0083659
16	1.63429	1.65881	0.00800107
17	1.56805	1.65347	0.00913951
18	1.62718	1.65201	0.00874769
19	1.66741	1.65282	0.00832475
20	1.6369	1.65202	0.00794646
1	1.69311	1.69311	0
2	1.66488	1.67899	0.00998213
3	1.72517	1.69439	0.0142207
4	1.75117	1.70858	0.0162752
5	1.73709	1.71428	0.0139831
6	1.68605	1.70958	0.0124189
7	1.60159	1.69415	0.0178125
8	1.65596	1.68938	0.0162132
9	1.64319	1.68425	0.0152021
10	1.64944	1.68077	0.0140746
11	1.67732	1.68045	0.0127986
12	1.65743	1.67853	0.011875
13	1.69941	1.68014	0.0110696
14	1.59521	1.67407	0.0118249
15	1.63553	1.6715	0.0113122
16	1.62657	1.66869	0.0109483
17	1.67625	1.66914	0.0103133
18	1.71428	1.67165	0.0100407
19	1.694	1.67282	0.0095809
20	1.66107	1.67224	0.00911987
1	1.65539	1.65539	0
2	1.67347	1.66443	0.00639341
3	1.68368	1.67085	0.00675322
4	1.6517	1.66606	0.00654433
5	1.69566	1.67198	0.00744613
6	1.70915	1.67818	0.00839526
7	1.77376	1.69183	0.0145466
8	1.73987	1.69784	0.0139128
9	1.61928	1.68911	0.0148545
10	1.74001	1.6942	0.0142143
11	1.751	1.69936	0.0138283
12	1.71809	1.70092	0.0127637
13	1.69237	1.70026	0.0117988
14	1.72592	1.7021	0.0110975
15	1.67417	1.70024	0.0105127
16	1.69475	1.69989	0.00986123
17	1.64786	1.69683	0.00974464
18	1.74744	1.69964	0.00960031
19	1.72333	1.70089	0.00917563
20	1.67129	1.69941	0.00883536
1	1.7762	1.7762	0
2	1.69381	1.73501	0.029129
3	1.80651	1.75884	0.0274925
4	1.69364	1.74254	0.0249888
5	1.7757	1.74917	0.0208525
6	1.77122	1.75285	0.0176978
7	1.72249	1.74851	0.0156918
8	1.74544	1.74813	0.013735
9	1.69078	1.74176	0.0136069
10	1.67606	1.73519	0.0137408
11	1.65987	1.72834	0.0140947
12	1.71734	1.72742	0.01295
13	1.80903	1.7337	0.0133892
14	1.70319	1.73152	0.0126089
15	1.72284	1.73094	0.0117816
16	1.82228	1.73665	0.012351
17	1.71091	1.73514	0.0117169
18	1.75835	1.73643	0.0111367
19	1.76229	1.73779	0.0106335
20	1.61105	1.73145	0.0118404
1	1.84191	1.84191	0
2	1.76479	1.80335	0.0272683
3	1.81072	1.8058	0.0182892
4	1.78626	1.80092	0.0143545
5	1.75089	1.79091	0.0145591
6	1.76702	1.78693	0.0126653
7	1.73851	1.78001	0.0126044
8	1.71018	1.77129	0.0137227
9	1.76383	1.77046	0.0122229
10	1.79247	1.77266	0.0111971
11	1.7938	1.77458	0.0103428
12	1.82575	1.77884	0.0103226
13	1.79014	1.77971	0.00956506
14	1.78329	1.77997	0.00888524
15	1.84062	1.78401	0.00916686
16	1.78571	1.78412	0.00859455
17	1.74059	1.78156	0.00846187
18	1.71705	1.77797	0.00871768
19	1.73923	1.77593	0.00849406
20	1.80161	1.77722	0.00816577
1	1.75952	1.75952	0
2	1.7739	1.76671	0.00508138
3	1.85874	1.79739	0.0252758
4	1.75226	1.7861	0.0213265
5	1.82363	1.79361	0.0183343
6	1.86431	1.80539	0.0186857
7	1.77329	1.80081	0.0165697
8	1.81516	1.8026	0.0145953
9	1.74774	1.79651	0.0141895
10	1.83277	1.80013	0.0132257
11	1.83913	1.80368	0.0124894
12	1.75993	1.80003	0.0119688
13	1.88668	1.8067	0.0127699
14	1.75057	1.80269	0.0124712
15	1.77399	1.80077	0.0117856
16	1.87428	1.80537	0.0119107
17	1.82748	1.80667	0.0112809
18	1.80442	1.80654	0.0106549
19	1.77351	1.80481	0.0102349
20	1.80247	1.80469	0.00972384
1	1.85665	1.85665	0
2	1.77524	1.81594	0.0287814
3	1.9664	1.8661	0.0452208
4	1.85555	1.86346	0.0339923
5	1.81561	1.85389	0.0285093
6	1.76184	1.83855	0.0275782
7	1.87079	1.84315	0.02402
8	1.8737	1.84697	0.0213189
9	1.88826	1.85156	0.0194374
10	1.82219	1.84862	0.0177141
11	1.82397	1.84638	0.0162449
12	1.8588	1.84742	0.0149241
13	1.80392	1.84407	0.0141463
14	1.89995	1.84806	0.0136874
15	1.86068	1.8489	0.0128007
16	1.8714	1.85031	0.0120777
17	1.82208	1.84865	0.0114808
18	1.88191	1.8505	0.0109907
19	1.84868	1.8504	0.0104126
20	1.85035	1.8504	0.00989198
1	1.93273	1.93273	0
2	1.82269	1.87771	0.0389042
3	1.87861	1.87801	0.0259373
4	1.8968	1.88271	0.0198738
5	1.8683	1.87983	0.0161067
6	1.87187	1.8785	0.0134766
7	1.85642	1.87535	0.0119148
8	1.9346	1.88275	0.0125174
9	1.88638	1.88316	0.011133
10	1.85378	1.88022	0.0104
11	1.89062	1.88116	0.00949744
12	1.91107	1.88366	0.00902698
13	1.89526	1.88455	0.0083766
14	1.8179	1.87979	0.00903043
15	1.78978	1.87379	0.0102294
16	1.83296	1.87123	0.00990326
17	1.94459	1.87555	0.0102177
18	1.8572	1.87453	0.00970077
19	1.84667	1.87306	0.00930038
20	1.91177	1.875	0.00903443
1	1.89558	1.89558	0
2	1.9316	1.91359	0.0127352
3	1.91075	1.91265	0.00852535
4	1.91231	1.91256	0.00639442
5	1.95584	1.92122	0.00927911
6	1.99169	1.93296	0.0132188
7	2.00494	1.94324	0.0147984
8	1.94482	1.94344	0.0129499
9	1.9324	1.94221	0.011569
10	1.90541	1.93853	0.0109819
11	1.9428	1.93892	0.00999034
12	1.96952	1.94147	0.00947771
13	1.93722	1.94114	0.00875429
14	1.94758	1.9416	0.00814104
15	1.9922	1.94498	0.00826763
16	1.86723	1.94012	0.00906698
17	1.94083	1.94016	0.00853373
18	1.92368	1.93924	0.00810858
19	1.84694	1.93439	0.00902053
20	1.92218	1.93378	0.00859013
1	1.93587	1.93587	0
2	1.93245	1.93416	0.0012085
3	1.93667	1.93499	0.0010562
4	1.87138	1.91909	0.0137951
5	1.91362	1.918	0.0110794
6	1.90331	1.91555	0.00949918
7	1.94023	1.91907	0.00877194
8	1.84806	1.9102	0.0113075
9	1.97896	1.91784	0.0123659
10	2.02628	1.92868	0.0151559
11	1.98648	1.93394	0.0146607
12	1.88908	1.9302	0.0139073
13	1.98859	1.93469	0.0135435
14	2.03477	1.94184	0.0143392
15	2.0066	1.94616	0.0140181
16	1.84716	1.93997	0.0144431
17	1.95445	1.94082	0.0136186
18	1.92613	1.94	0.0128865
19	1.93713	1.93985	0.0122091
20	2.02027	1.94387	0.0122429
1	1.98294	1.98294	0
2	1.96243	1.97268	0.00725045
3	2.00682	1.98406	0.0104726
4	1.87049	1.95567	0.0258127
5	1.95199	1.95493	0.0206607
6	2.07624	1.97515	0.0252406
7	1.98293	1.97626	0.0216592
8	1.92382	1.96971	0.019919
9	1.98205	1.97108	0.0177529
10	2.00631	1.9746	0.0163236
11	2.02966	1.97961	0.0155881
12	2.04404	1.98498	0.0151858
13	1.88951	1.97763	0.015693
14	1.97291	1.97729	0.0145757
15	1.97171	1.97692	0.0136087
16	1.89222	1.97163	0.0137494
17	1.87524	1.96596	0.0140613
18	1.95163	1.96516	0.0133026
19	1.93374	1.96351	0.0127048
20	1.97348	1.96401	0.0120794
1	2.0269	2.0269	0
2	2.06414	2.04552	0.0131678
3	1.9593	2.01678	0.0250538
4	1.99574	2.01152	0.0193344
5	2.06523	2.02226	0.0182087
6	2.08273	2.03234	0.0177453
7	2.00151	2.02794	0.0157474
8	2.00897	2.02557	0.0139563
9	1.98495	2.02105	0.013115
10	2.13052	2.032	0.0157219
11	2.03207	2.03201	0.0142926
12	2.06324	2.03461	0.0133364
13	2.02051	2.03353	0.0123546
14	2.09922	2.03822	0.0123311
15	1.99376	2.03525	0.0118598
16	1.988	2.0323	0.0114804
17	1.98972	2.0298	0.0110749
18	2.08528	2.03288	0.0108802
19	1.9949	2.03088	0.0104895
20	2.08593	2.03363	0.0103199
1	2.1376	2.1376	0
2	2.01367	2.07564	0.0438139
3	2.12027	2.09051	0.0316343
4	2.05207	2.0809	0.0251436
5	2.05924	2.07657	0.0204845
6	2.10431	2.08119	0.0175844
7	1.96501	2.06459	0.0215241
8	1.99267	2.0556	0.0206259
9	2.04332	2.05424	0.0183792
10	2.03368	2.05218	0.0166559
11	2.10135	2.05665	0.01573
12	2.05739	2.05672	0.0144193
13	2.00645	2.05285	0.0138187
14	2.12236	2.05781	0.0136946
15	2.11373	2.06154	0.0132792
16	2.00393	2.05794	0.0129283
17	2.12729	2.06202	0.0127952
18	2.07561	2.06277	0.0121066
19	2.00486	2.05973	0.0118469
20	2.12905	2.06319	0.0117507
1	2.18099	2.18099	0
2	2.08705	2.13402	0.0332109
3	2.04731	2.10512	0.0323603
4	2.02089	2.08406	0.0303573
5	2.19083	2.10541	0.0308971
6	2.19586	2.12049	0.0291939
7	2.04198	2.10927	0.027092
8	2.18842	2.11917	0.025448
9	2.11982	2.11924	0.0226205
10	2.12776	2.12009	0.0203745
11	2.1115	2.11931	0.0185372
12	2.14429	2.12139	0.0171089
13	2.10663	2.12026	0.0158305
14	2.11269	2.11972	0.014709
15	2.20497	2.1254	0.0147857
16	2.13514	2.12601	0.0138741
17	2.109	2.12501	0.013094
18	2.0552	2.12113	0.0129282
19	2.05035	2.1174	0.0127731
20	2.12227	2.11765	0.0121368
1	2.2012	2.2012	0
2	2.276	2.2386	0.0264463
3	2.10967	2.19562	0.039269
4	2.10917	2.17401	0.0348966
5	2.14623	2.16845	0.0283562
6	2.25359	2.18264	0.0269475
7	2.17487	2.18153	0.0231207
8	2.19276	2.18294	0.0202732
9	2.09976	2.17369	0.0200165
10	2.11092	2.16742	0.0189735
11	2.21954	2.17216	0.0178306
12	2.19969	2.17445	0.0164917
13	2.24618	2.17997	0.0161196
14	2.05744	2.17121	0.0171806
15	2.02863	2.16171	0.0184786
16	2.0198	2.15284	0.0193355
17	2.15358	2.15288	0.0181982
18	2.20252	2.15564	0.0173948
19	2.10502	2.15298	0.0166821
20	2.18256	2.15446	0.0159134
1	2.11854	2.11854	0
2	2.15558	2.13706	0.0130967
3	2.16211	2.14541	0.0110773
4	2.16103	2.14931	0.00896961
5	2.24809	2.16907	0.0190706
6	2.19458	2.17332	0.0163592
7	2.17417	2.17344	0.0140226
8	2.18432	2.1748	0.0123356
9	2.2645	2.18477	0.0144405
10	2.14947	2.18124	0.0134211
11	2.26756	2.18908	0.0143126
12	2.10869	2.18239	0.0146039
13	2.29824	2.1913	0.0159697
14	2.17847	2.19038	0.0148552
15	2.09417	2.18397	0.0151867
16	2.23856	2.18738	0.0146157
17	2.18315	2.18713	0.0137581
18	2.18185	2.18684	0.0129969
19	2.23865	2.18956	0.0125958
20	2.14548	2.18736	0.0121573
1	2.27506	2.27506	0
2	2.18222	2.22864	0.0328227
3	2.25517	2.23749	0.0230421
4	2.35516	2.2669	0.0307852
5	2.28102	2.26973	0.0247573
6	2.33943	2.28134	0.023197
7	2.29053	2.28266	0.0199202
8	2.27397	2.28157	0.0174598
9	2.28835	2.28232	0.015536
10	2.1772	2.27181	0.0171748
11	2.18283	2.26372	0.0174145
12	2.26624	2.26393	0.0159645
13	2.32386	2.26854	0.0153878
14	2.25221	2.26737	0.0143328
15	2.16512	2.26056	0.0149106
16	2.28777	2.26226	0.0140753
17	2.23092	2.26041	0.0133676
18	2.22276	2.25832	0.0127876
19	2.28404	2.25968	0.012186
20	2.22338	2.25786	0.0117111
1	2.2237	2.2237	0
2	2.28423	2.25396	0.021399
3	2.25487	2.25427	0.0142681
4	2.2861	2.26223	0.0127289
5	2.22748	2.25528	0.0119304
6	2.33176	2.26802	0.0153052
7	2.33351	2.27738	0.0157197
8	2.24016	2.27273	0.0144268
9	2.26835	2.27224	0.012832
10	2.33149	2.27816	0.0128443
11	2.39041	2.28837	0.0151986
12	2.22253	2.28288	0.0148894
13	2.31253	2.28516	0.0139176
14	2.2707	2.28413	0.0129617
15	2.22714	2.28033	0.0126422
16	2.34814	2.28457	0.0125424
17	2.20856	2.2801	0.0125763
18	2.27278	2.27969	0.0118842
19	2.24432	2.27783	0.0114036
20	2.28122	2.278	0.0108347
1	2.2536	2.2536	0
2	2.37292	2.31326	0.0421873
3	2.27969	2.30207	0.0295715
4	2.34204	2.31206	0.0238067
5	2.34427	2.3185	0.0198976
6	2.26341	2.30932	0.0185796
7	2.3162	2.3103	0.0159514
8	2.40013	2.32153	0.017468
9	2.41763	2.33221	0.018505
10	2.24628	2.32362	0.0185427
11	2.31011	2.32239	0.0168976
12	2.2862	2.31937	0.0157563
13	2.33088	2.32026	0.0145691
14	2.28781	2.31794	0.0137115
15	2.28502	2.31575	0.0129719
16	2.28777	2.314	0.0122784
17	2.37131	2.31737	0.01201
18	2.26474	2.31445	0.0116933
19	2.28417	2.31285	0.0111859
20	2.38927	2.31667	0.0112602
1	2.40899	2.40899	0
2	2.38555	2.39727	0.00828832
3	2.40029	2.39828	0.00558644
4	2.4556	2.41261	0.0130989
5	2.31365	2.39282	0.0205712
6	2.32226	2.38106	0.0202265
7	2.41285	2.3856	0.0178395
8	2.3596	2.38235	0.0159028
9	2.3652	2.38044	0.0142495
10	2.3419	2.37659	0.0133358
11	2.21678	2.36206	0.0184081
12	2.51151	2.37452	0.0206619
13	2.37138	2.37427	0.019074
14	2.37579	2.37438	0.0177118
15	2.40959	2.37673	0.0166858
16	2.37395	2.37656	0.0156439
17	2.30117	2.37212	0.0153393
18	2.34163	2.37043	0.0145804
19	2.38779	2.37134	0.0138416
20	2.41613	2.37358	0.0133295
1	2.57386	2.57386	0
2	2.43835	2.50611	0.0479098
3	2.49877	2.50366	0.0320023
4	2.5587	2.51742	0.0267974
5	2.47443	2.50882	0.0227757
6	2.49406	2.50636	0.0191122
7	2.39935	2.49108	0.0216488
8	2.34509	2.47283	0.025499
9	2.48078	2.47371	0.0226811
10	2.27353	2.45369	0.0278806
11	2.40251	2.44904	0.0257313
12	2.5428	2.45685	0.024745
13	2.47696	2.4584	0.0228898
14	2.3958	2.45393	0.0216872
15	2.50195	2.45713	0.0204763
16	2.35215	2.45057	0.0202204
17	2.48573	2.45264	0.0191365
18	2.39047	2.44918	0.0183824
19	2.30407	2.44155	0.0189351
20	2.5115	2.44504	0.0183085
1	2.51694	2.51694	0
2	2.48451	2.50072	0.0114641
3	2.51052	2.50399	0.00809473
4	2.57127	2.52081	0.015782
5	2.48	2.51265	0.014584
6	2.50292	2.51103	0.0122431
7	2.39088	2.49386	0.0190432
8	2.51143	2.49606	0.0167889
9	2.49773	2.49625	0.0149245
10	2.53586	2.50021	0.0139479
11	2.52188	2.50218	0.0128183
12	2.56801	2.50766	0.0128708
13	2.36862	2.49697	0.0157084
14	2.52433	2.49892	0.0147074
15	2.50863	2.49957	0.0137411
16	2.41407	2.49423	0.0138826
17	2.5102	2.49517	0.0130978
18	2.41369	2.49064	0.013129
19	2.41126	2.48646	0.0130859
20	2.39073	2.48167	0.0132781
1	2.50325	2.50325	0
2	2.5537	2.52848	0.017835
3	2.64537	2.56744	0.0339631
4	2.5306	2.55823	0.0266918
5	2.50415	2.54742	0.0234424
6	2.56735	2.55074	0.0197693
7	2.49792	2.54319	0.0183284
8	2.6315	2.55423	0.0190737
9	2.64924	2.56479	0.0196598
10	2.48988	2.5573	0.0190674
11	2.63731	2.56457	0.0186699
12	2.66551	2.57298	0.0189144
13	2.5497	2.57119	0.0175441
14	2.4338	2.56138	0.0188368
15	2.49448	2.55692	0.0181013
16	2.49947	2.55333	0.0173224
17	2.62514	2.55755	0.0168107
18	2.52935	2.55599	0.0159496
19	2.53903	2.55509	0.0151351
20	2.58985	2.55683	0.0144778
1	2.53892	2.53892	0
2	2.84589	2.69241	0.10853
3	2.48405	2.62295	0.0919272
4	2.7461	2.65374	0.073921
5	2.55659	2.63431	0.0616376
6	2.64727	2.63647	0.0514025
7	2.57778	2.62809	0.0447378
8	2.69039	2.63587	0.0398176
9	2.68533	2.64137	0.0357707
10	2.65348	2.64258	0.0322141
11	2.61034	2.63965	0.0294186
12	2.59778	2.63616	0.0271732
13	2.72421	2.64293	0.0259133
14	2.64376	2.64299	0.0240624
15	2.63213	2.64227	0.0224692
16	2.62872	2.64142	0.0210808
17	2.57594	2.63757	0.0201896
18	2.46392	2.62792	0.0212482
19	2.53853	2.62322	0.0206441
20	2.58404	2.62126	0.0197046
1	2.65688	2.65688	0
2	2.71316	2.68502	0.0199004
3	2.61416	2.6614	0.0234073
4	2.68168	2.66647	0.0180963
5	2.63274	2.65973	0.0156839
6	2.75437	2.6755	0.0194463
7	2.49601	2.64986	0.0290066
8	2.72406	2.65913	0.0268227
9	2.56813	2.64902	0.0256776
10	2.71032	2.65515	0.0238303
11	2.77495	2.66604	0.0240241
12	2.62539	2.66266	0.0222596
13	2.79313	2.67269	0.0226974
14	2.75918	2.67887	0.0219008
15	2.78385	2.68587	0.0215301
16	2.63175	2.68249	0.0204484
17	2.76762	2.68749	0.0198493
18	2.68961	2.68761	0.0187469
19	2.77018	2.69196	0.018257
20	2.67454	2.69109	0.0173649
1	2.63382	2.63382	0
2	2.68904	2.66143	0.0195203
3	2.71077	2.67788	0.0187004
4	2.6905	2.68103	0.0142892
5	2.61862	2.66855	0.015979
6	2.80025	2.6905	0.0240579
7	2.63876	2.68311	0.0217271
8	2.75422	2.692	0.0207501
9	2.6517	2.68752	0.0189214
10	2.65682	2.68445	0.0172765
11	2.81191	2.69604	0.0192026
12	2.46833	2.67706	0.0252964
13	2.80774	2.68711	0.0252691
14	2.63662	2.68351	0.0237202
15	2.65684	2.68173	0.0222054
16	2.7846	2.68816	0.0217284
17	2.75947	2.69235	0.0208512
18	2.747	2.69539	0.0199125
19	2.73829	2.69765	0.0189921
20	2.62463	2.694	0.01839
1	2.80637	2.80637	0
2	2.83473	2.82055	0.0100262
3	2.85496	2.83202	0.0115059
4	2.78684	2.82073	0.013044
5	2.86152	2.82889	0.0127333
6	2.65686	2.80022	0.0282419
7	2.84215	2.80621	0.0248346
8	2.7277	2.79639	0.0235894
9	2.73463	2.78953	0.0219439
10	2.86198	2.79678	0.0209113
11	2.83481	2.80023	0.0192941
12	2.89606	2.80822	0.0192682
13	2.69948	2.79985	0.0195173
14	2.90154	2.80712	0.0194277
15	2.67978	2.79863	0.0199011
16	2.79028	2.79811	0.0186642
17	2.74103	2.79475	0.0178657
18	2.89225	2.80017	0.0176753
19	2.78475	2.79935	0.0167636
20	2.91581	2.80518	0.0169065
1	2.8097	2.8097	0
2	2.89152	2.85061	0.0289285
3	3.08033	2.92718	0.0654282
4	2.9587	2.93506	0.0495433
5	2.85522	2.91909	0.0421293
6	3.00255	2.933	0.0373334
7	2.8579	2.92227	0.0335062
8	3.00279	2.93234	0.0307925
9	3.0988	2.95083	0.0324539
10	2.97632	2.95338	0.0293084
11	2.80889	2.94025	0.029441
12	3.15215	2.95791	0.031846
13	2.75881	2.94259	0.0328732
14	2.81756	2.93366	0.0317151
15	3.12376	2.94633	0.032033
16	2.84685	2.94012	0.0306285
17	3.04134	2.94607	0.0294
18	2.84195	2.94029	0.02833
19	2.81618	2.93375	0.0275816
20	2.9654	2.93534	0.0262479
1	2.91457	2.91457	0
2	2.76284	2.8387	0.0536414
3	2.77969	2.81903	0.0392021
4	3.16013	2.90431	0.0794879
5	2.88755	2.90096	0.063661
6	3.15849	2.94388	0.0659516
7	2.98614	2.94992	0.0568055
8	2.85916	2.93857	0.050825
9	3.09138	2.95555	0.0479299
10	2.98611	2.95861	0.0432342
11	2.7522	2.93984	0.0431841
12	2.96937	2.9423	0.0396555
13	3.11355	2.95548	0.0387313
14	3.0469	2.96201	0.0365112
15	2.97261	2.96271	0.034084
16	2.77667	2.95108	0.0338792
17	2.96232	2.95175	0.0318927
18	2.93079	2.95058	0.0301421
19	2.97891	2.95207	0.0285926
20	3.00938	2.95494	0.0273061
1	3.11598	3.11598	0
2	3.11707	3.11652	0.000387163
3	3.12113	3.11806	0.00127983
4	3.07423	3.1071	0.00953676
5	3.07723	3.10113	0.00931493
6	3.1867	3.11539	0.0151577
7	2.78193	3.06775	0.0459769
8	2.92402	3.04979	0.043599
9	3.06136	3.05107	0.0387736
10	3.05147	3.05111	0.0348963
11	2.99304	3.04583	0.0321208
12	3.05184	3.04633	0.0294479
13	3.017	3.04408	0.027269
14	2.97981	3.03949	0.0257047
15	2.99163	3.0363	0.0241883
16	3.01755	3.03513	0.0227048
17	3.16117	3.04254	0.0225474
18	3.05802	3.0434	0.0213111
19	2.87049	3.0343	0.0220471
20	3.15119	3.04014	0.0217056
1	3.18838	3.18838	0
2	3.04876	3.11857	0.0493656
3	3.28594	3.17436	0.056198
4	3.03576	3.13971	0.0517392
5	3.09225	3.13022	0.0422533
6	3.09156	3.12378	0.0356989
7	3.12922	3.12455	0.0306075
8	3.14683	3.12734	0.0269079
9	3.08156	3.12225	0.0243942
10	3.12005	3.12203	0.0219558
11	3.16928	3.12633	0.0203756
12	3.10452	3.12451	0.0187585
13	3.11629	3.12388	0.0173262
14	3.2456	3.13257	0.0181395
15	2.99638	3.12349	0.0190676
16	3.05062	3.11894	0.0184118
17	3.06089	3.11552	0.0176425
18	3.17594	3.11888	0.0169787
19	3.21643	3.12401	0.0168435
20	3.25586	3.13061	0.0172432
1	3.12843	3.12843	0
2	3.34036	3.23439	0.0749285
3	3.28569	3.25149	0.0518665
4	3.17131	3.23144	0.0425981
5	3.24077	3.23331	0.0341193
6	3.15843	3.22083	0.03063
7	3.25272	3.22539	0.026591
8	3.27162	3.23116	0.0238868
9	3.21278	3.22912	0.0213199
10	3.19026	3.22524	0.019539
11	3.19403	3.2224	0.0179675
12	3.0625	3.20907	0.0208332
13	3.16875	3.20597	0.0194602
14	3.22866	3.20759	0.0181375
15	3.18604	3.20615	0.0169852
16	3.21341	3.20661	0.0159297
17	3.25666	3.20955	0.0152623
18	3.38464	3.21928	0.0172375
19	3.40179	3.22889	0.0188175
20	3.25834	3.23036	0.0179341
1	3.37167	3.37167	0
2	3.43264	3.40216	0.021556
3	3.46946	3.42459	0.0232809
4	3.14304	3.3542	0.063409
5	3.4163	3.36662	0.051929
6	3.42222	3.37589	0.0440932
7	3.24543	3.35725	0.0415466
8	3.28361	3.34805	0.0373593
9	3.25292	3.33748	0.0346712
10	3.27407	3.33114	0.0317787
11	3.06748	3.30717	0.0368359
12	3.09346	3.28936	0.0378272
13	3.26764	3.28769	0.0349543
14	3.32071	3.29005	0.032537
15	3.41884	3.29863	0.0314804
16	3.35335	3.30205	0.0296981
17	3.30844	3.30243	0.0279536
18	3.44791	3.31051	0.0275443
19	3.42074	3.31631	0.0266986
20	3.28824	3.31491	0.0254005
1	3.52487	3.52487	0
2	3.27357	3.39922	0.0888497
3	3.64378	3.48074	0.0890994
4	3.33239	3.44365	0.0741422
5	3.59331	3.47358	0.0650755
6	3.23633	3.43404	0.0651447
7	3.08151	3.38368	0.0727451
8	3.40007	3.38573	0.0636808
9	3.32473	3.37895	0.0569647
10	3.37122	3.37818	0.0512735
11	3.646	3.40253	0.052073
12	3.39881	3.40222	0.0477345
13	3.53216	3.41221	0.045097
14	3.42304	3.41298	0.0418824
15	3.60661	3.42589	0.0410312
16	3.50123	3.4306	0.038736
17	3.40568	3.42914	0.0364851
18	3.16095	3.41424	0.0373767
19	3.54969	3.42137	0.036083
20	3.37631	3.41911	0.0343491
1	3.44209	3.44209	0
2	3.36278	3.40243	0.0280411
3	3.61765	3.47417	0.0614869
4	3.33017	3.43817	0.0556651
5	3.41429	3.4334	0.0447366
6	3.54468	3.45194	0.0409449
7	3.47333	3.455	0.0352095
8	3.50629	3.46141	0.0313867
9	3.45082	3.46023	0.0279213
10	3.30307	3.44452	0.0292196
11	3.67762	3.46571	0.0333746
12	3.58842	3.47593	0.0321219
13	3.64187	3.4887	0.0320868
14	3.45378	3.4862	0.0298917
15	3.51079	3.48784	0.0279438
16	3.55123	3.4918	0.0264766
17	3.43827	3.48866	0.0251058
18	3.51863	3.49032	0.0237662
19	3.29388	3.47998	0.0246618
20	3.61193	3.48658	0.0242952
1	3.57694	3.57694	0
2	3.55892	3.56793	0.00637297
3	3.62383	3.58656	0.0157949
4	3.54976	3.57736	0.014277
5	3.52969	3.56783	0.0142541
6	3.39979	3.53982	0.0281907
7	3.5357	3.53923	0.0241696
8	3.74687	3.56519	0.0321975
9	3.67492	3.57738	0.0308423
10	3.78279	3.59792	0.0339153
11	3.58943	3.59715	0.0308409
12	3.56517	3.59448	0.0283857
13	3.57067	3.59265	0.0262612
14	3.56244	3.59049	0.0244739
15	3.67833	3.59635	0.0235324
16	3.57625	3.59509	0.0220951
17	3.71602	3.60221	0.0219106
18	3.56947	3.60039	0.0207687
19	3.6911	3.60516	0.0202169
20	3.49022	3.59941	0.0200063
1	3.65911	3.65911	0
2	3.73852	3.69881	0.0280753
3	3.72262	3.70675	0.0198067
4	3.66925	3.69738	0.0169286
5	3.58539	3.67498	0.0241815
6	3.70028	3.6792	0.0205157
7	3.55055	3.66082	0.0244692
8	3.61231	3.65475	0.0221491
9	3.70352	3.66017	0.02034
10	3.68442	3.6626	0.0184499
11	3.91728	3.68575	0.0277243
12	3.79455	3.69482	0.0268556
13	3.87787	3.7089	0.028241
14	3.55472	3.69788	0.0282895
15	3.68534	3.69705	0.0264159
16	3.60302	3.69117	0.0254102
17	3.72692	3.69327	0.0240023
18	3.73435	3.69556	0.0227771
19	3.65376	3.69336	0.0216843
20	3.56707	3.68704	0.0214998
1	3.80947	3.80947	0
2	4.0666	3.93803	0.0909081
3	3.59486	3.82364	0.11134
4	3.85727	3.83205	0.0838216
5	4.0331	3.87226	0.0760931
6	3.63804	3.83322	0.0727381
7	3.7003	3.81423	0.0647782
8	3.91321	3.82661	0.0578503
9	3.84743	3.82892	0.0514688
10	3.54426	3.80045	0.0536192
11	3.74199	3.79514	0.0490074
12	3.59237	3.77824	0.0477477
13	3.85301	3.78399	0.0444199
14	3.87299	3.79035	0.0416995
15	3.85893	3.79492	0.0391694
16	3.69142	3.78845	0.0372516
17	3.98642	3.8001	0.0368355
18	3.72537	3.79595	0.0350223
19	3.81687	3.79705	0.0331963
20	3.86039	3.80021	0.0316872
1	3.90752	3.90752	0
2	3.92075	3.91413	0.00467682
3	3.96266	3.93031	0.0135704
4	3.86348	3.9136	0.0176903
5	3.65459	3.8618	0.0484464
6	3.90798	3.86949	0.0409788
7	3.78364	3.85723	0.0369145
8	3.80052	3.85014	0.0329739
9	3.93081	3.8591	0.0305041
10	4.02746	3.87594	0.0317616
11	3.86143	3.87462	0.0289016
12	3.66823	3.85742	0.0311935
13	3.76741	3.8505	0.0295525
14	3.91444	3.85507	0.0277923
15	3.86902	3.856	0.0259551
16	3.87673	3.85729	0.0243652
17	3.81526	3.85482	0.0230571
18	3.79768	3.85165	0.0219936
19	4.13082	3.86634	0.025272
20	4.08615	3.87733	0.0262899
1	3.9895	3.9895	0
2	4.18297	4.08624	0.0684024
3	4.20904	4.12717	0.0565384
4	4.00108	4.09565	0.0504323
5	3.97909	4.07234	0.0454148
6	4.05978	4.07024	0.0378939
7	3.91782	4.04847	0.0382284
8	4.1176	4.05711	0.0344127
9	3.92565	4.0425	0.033546
10	4.23545	4.0618	0.0353068
11	4.21437	4.07567	0.0347149
12	3.92554	4.06316	0.0340018
13	4.04168	4.06151	0.0314264
14	4.2533	4.07521	0.0320287
15	4.08813	4.07607	0.029905
16	4.16179	4.08142	0.0285118
17	4.23832	4.09065	0.028289
18	4.32231	4.10352	0.0295
19	4.35521	4.11677	0.0307781
20	3.86095	4.10398	0.0317862
1	4.06491	4.06491	0
2	4.06296	4.06394	0.000691261
3	4.0833	4.07039	0.0052902
4	3.95215	4.04083	0.0259062
5	4.21066	4.0748	0.0367757
6	4.04922	4.07053	0.0308925
7	4.12596	4.07845	0.0274753
8	3.94714	4.06204	0.0285254
9	4.25281	4.08323	0.0322848
10	4.19533	4.09444	0.0309411
11	4.05053	4.09045	0.0283847
12	4.5011	4.12467	0.0418389
13	4.06592	4.12015	0.0388639
14	4.4431	4.14322	0.0423844
15	3.9515	4.13044	0.0414412
16	4.22101	4.1361	0.0392359
17	4.04396	4.13068	0.0373003
18	4.20515	4.13482	0.0354568
19	4.117	4.13388	0.033603
20	4.23872	4.13912	0.0323291
1	4.05737	4.05737	0
2	4.32591	4.19164	0.0949425
3	4.30922	4.23083	0.0709243
4	4.49963	4.29803	0.0788438
5	4.40594	4.31961	0.0659623
6	4.41927	4.33622	0.0570214
7	4.45888	4.35375	0.0514974
8	4.32941	4.3507	0.04515
9	4.33346	4.34879	0.040174
10	4.37946	4.35185	0.0362735
11	4.04625	4.32407	0.0422979
12	4.24734	4.31768	0.0392534
13	4.3296	4.3186	0.0362446
14	4.15918	4.30721	0.0353992
15	4.08265	4.29224	0.0360662
16	4.32929	4.29455	0.0338864
17	4.0545	4.28043	0.0347108
18	4.321	4.28269	0.0328555
19	4.18513	4.27755	0.0315249
20	4.32759	4.28005	0.0300478
1	4.43179	4.43179	0
2	4.58919	4.51049	0.0556481
3	4.27223	4.43107	0.0747091
4	4.11465	4.35196	0.0885033
5	4.42584	4.36674	0.0720253
6	4.11446	4.32469	0.0712446
7	4.49686	4.34929	0.0651739
8	4.39499	4.355	0.057277
9	4.34353	4.35373	0.0509271
10	4.39544	4.3579	0.0460049
11	4.59388	4.37935	0.0465565
12	4.24345	4.36803	0.0440327
13	4.53785	4.38109	0.0425392
14	4.86363	4.41556	0.0516083
15	4.44029	4.4172	0.0481941
16	4.6573	4.43221	0.0474607
17	4.50402	4.43643	0.0448565
18	4.64268	4.44789	0.0438035
19	4.53591	4.45253	0.0417423
20	4.60928	4.46036	0.0403843
1	4.52923	4.52923	0
2	4.30924	4.41923	0.0777784
3	4.4808	4.43976	0.0544926
4	4.57889	4.47454	0.0507707
5	4.71214	4.52206	0.05879
6	4.93532	4.59094	0.0797091
7	4.26478	4.54434	0.0808006
8	4.65386	4.55803	0.0718509
9	4.69144	4.57286	0.0653787
10	4.71171	4.58674	0.0602972
11	4.5679	4.58503	0.05484
12	4.5257	4.58008	0.0504923
13	4.55284	4.57799	0.0466518
14	5.05806	4.61228	0.0544833
15	4.46915	4.60274	0.0516799
16	4.63814	4.60495	0.0484972
17	4.52643	4.60033	0.0458639
18	4.50132	4.59483	0.0436445
19	4.83699	4.60758	0.0431683
20	4.22325	4.58836	0.0450846
1	4.76566	4.76566	0
2	4.67553	4.7206	0.0318667
3	4.52125	4.65415	0.0582661
4	4.65007	4.65313	0.0437085
5	4.84647	4.6918	0.0491818
6	4.89675	4.72596	0.051499
7	4.87398	4.7471	0.0482886
8	4.98507	4.77685	0.0505916
9	4.90649	4.79125	0.0469761
10	4.72874	4.785	0.0426924
11	4.75576	4.78234	0.038894
12	4.94426	4.79584	0.0379212
13	4.62189	4.78246	0.0372903
14	5.03675	4.80062	0.0387989
15	4.86531	4.80493	0.0364512
16	4.97431	4.81552	0.0356772
17	4.86412	4.81838	0.0336929
18	4.23603	4.78602	0.0447339
19	4.79575	4.78654	0.0423824
20	4.964	4.79541	0.0411817
1	5.10722	5.10722	0
2	4.48903	4.79813	0.21856
3	4.98194	4.8594	0.154056
4	5.20321	4.94535	0.137445
5	5.01798	4.95988	0.110721
6	4.93423	4.9556	0.0923498
7	5.13349	4.98102	0.0825795
8	4.94657	4.97671	0.0723693
9	5.28436	5.01089	0.0719498
10	4.72025	4.98183	0.0703807
11	5.12712	4.99504	0.0652101
12	4.97377	4.99327	0.0598
13	5.34838	5.02058	0.0611214
14	4.7929	5.00432	0.0588795
15	5.15638	5.01446	0.0558201
16	5.06992	5.01792	0.0524389
17	4.61678	4.99433	0.0544048
18	5.05833	4.99788	0.0514984
19	5.29703	5.01363	0.0511382
20	4.80453	5.00317	0.0496385
1	5.24196	5.24196	0
2	5.30276	5.27236	0.0214969
3	5.36608	5.3036	0.0292568
4	5.3102	5.30525	0.0219891
5	5.33797	5.3118	0.0185395
6	5.02025	5.2632	0.0469707
7	5.08686	5.23801	0.0465286
8	5.15114	5.22715	0.0419605
9	4.94838	5.19618	0.0473707
10	5.04607	5.18117	0.044949
11	5.30341	5.19228	0.0422142
12	5.01766	5.17773	0.0411281
13	5.21681	5.18073	0.0380741
14	5.09094	5.17432	0.0358906
15	5.22602	5.17777	0.033663
16	5.49799	5.19778	0.0370337
17	5.01763	5.18718	0.0363398
18	5.12259	5.1836	0.0344976
19	5.12932	5.18074	0.0328
20	5.11068	5.17724	0.0313465
1	4.94597	4.94597	0
2	4.91378	4.92987	0.01138
3	5.22055	5.02677	0.0794769
4	4.92235	5.00066	0.0637507
5	5.36522	5.07357	0.0827892
6	5.1348	5.08378	0.069617
7	5.02738	5.07572	0.0601361
8	5.14428	5.08429	0.0532263
9	5.28353	5.10643	0.0517114
10	5.33384	5.12917	0.0512976
11	5.04968	5.12194	0.0471405
12	5.13788	5.12327	0.0432308
13	4.86106	5.1031	0.0443617
14	5.34896	5.12066	0.0445335
15	5.00519	5.11296	0.0422247
16	5.41955	5.13213	0.0437177
17	5.29983	5.14199	0.0422445
18	5.34135	5.15307	0.041324
19	5.26299	5.15885	0.0395519
20	5.15469	5.15864	0.0375749
1	5.50995	5.50995	0
2	5.77303	5.64149	0.0930104
3	5.68738	5.65679	0.0632525
4	4.92655	5.47423	0.165065
5	5.36474	5.45233	0.133497
6	4.91835	5.36333	0.137755
7	5.91406	5.44201	0.138735
8	5.03154	5.3907	0.130537
9	5.29658	5.38024	0.116451
10	5.36867	5.37908	0.104811
11	5.71636	5.40975	0.099667
12	5.62589	5.42776	0.0929748
13	5.47462	5.43136	0.0858928
14	5.00099	5.40062	0.0850811
15	5.1127	5.38143	0.0815455
16	5.53948	5.39131	0.0770449
17	5.63007	5.40535	0.073782
18	4.99152	5.38236	0.0731773
19	5.45527	5.3862	0.0694264
20	5.67778	5.40078	0.0674685
1	5.57584	5.57584	0
2	5.46407	5.51996	0.0395137
3	5.81244	5.61745	0.0838491
4	5.25785	5.52755	0.100081
5	5.80392	5.58282	0.0940984
6	5.41853	5.55544	0.0823031
7	5.78641	5.58844	0.0768753
8	5.4545	5.57169	0.069065
9	5.55128	5.56942	0.0614283
10	5.91219	5.6037	0.0641394
11	5.51709	5.59583	0.0587898
12	5.4542	5.58403	0.0550625
13	5.8139	5.60171	0.0535911
14	5.57297	5.59966	0.0498024
15	5.98752	5.62551	0.0527698
16	5.48099	5.61648	0.0502388
17	5.70366	5.62161	0.0475446
18	5.5794	5.61926	0.044961
19	5.69243	5.62312	0.0427592
20	5.52514	5.61822	0.0409009
1	5.531	5.531	0
2	6.29592	5.91346	0.270441
3	6.14213	5.98968	0.190734
4	5.60193	5.89274	0.165864
5	5.78568	5.87133	0.134066
6	6.05264	5.90155	0.115077
7	6.38853	5.97112	0.117804
8	5.81254	5.95129	0.104733
9	5.98053	5.95454	0.0931463
10	6.0172	5.96081	0.0840422
11	5.53296	5.92191	0.0849271
12	6.05105	5.93267	0.0785287
13	6.30318	5.96117	0.0774875
14	6.1376	5.97378	0.0729701
15	5.74751	5.95869	0.0696472
16	5.88714	5.95422	0.0654377
17	5.8153	5.94605	0.0620965
18	6.07682	5.95331	0.0590702
19	5.80316	5.94541	0.0564874
20	5.61522	5.9289	0.0560237
1	6.25582	6.25582	0
2	5.98029	6.11806	0.0974138
3	5.92797	6.05469	0.0830298
4	6.34269	6.12669	0.0881236
5	6.38602	6.17856	0.0843928
6	6.09975	6.16542	0.0713423
7	6.40755	6.20001	0.0690285
8	5.96086	6.17012	0.0665591
9	6.59188	6.21698	0.0738407
10	6.21833	6.21712	0.0664567
11	6.23807	6.21902	0.0604425
12	5.65156	6.17173	0.0715516
13	6.2799	6.18005	0.0665296
14	5.9898	6.16646	0.0631502
15	6.26436	6.17299	0.0592764
16	6.13247	6.17046	0.0556257
17	6.55839	6.19328	0.0568418
18	6.2818	6.19819	0.0538963
19	5.94867	6.18506	0.0526353
20	6.6179	6.2067	0.0542708
1	6.93277	6.93277	0
2	6.64136	6.78706	0.103028
3	6.23329	6.60247	0.165631
4	6.5665	6.59348	0.124467
5	6.07856	6.49049	0.135645
6	6.46184	6.48572	0.113121
7	6.34082	6.46502	0.098837
8	6.79396	6.50614	0.0946497
9	5.86464	6.43486	0.107677
10	6.4279	6.43416	0.0969114
11	6.62192	6.45123	0.0895918
12	7.09029	6.50449	0.0966665
13	6.43459	6.49911	0.08938
14	6.76103	6.51782	0.0849312
15	7.19007	6.56264	0.0903228
16	6.22805	6.54172	0.0870647
17	6.48253	6.53824	0.0820128
18	6.59703	6.54151	0.0775216
19	6.74742	6.55235	0.0741952
20	6.58304	6.55388	0.0705013
1	6.46165	6.46165	0
2	6.7902	6.62593	0.116161
3	7.0723	6.77472	0.144069
4	7.07627	6.8501	0.126245
5	7.06792	6.89367	0.108251
6	6.95147	6.9033	0.090637
7	6.79154	6.88734	0.0790824
8	6.23348	6.8056	0.103118
9	7.06072	6.83395	0.0954767
10	6.81994	6.83255	0.0859393
11	6.16435	6.7718	0.0972537
12	6.19759	6.72395	0.100232
13	6.6083	6.71506	0.0929159
14	6.15039	6.67472	0.094629
15	6.86093	6.68714	0.089131
16	6.54744	6.67841	0.0839868
17	6.74712	6.68245	0.0791436
18	6.85558	6.69207	0.0753289
19	6.8085	6.69819	0.0716131
20	6.57986	6.69228	0.0682764
1	7.22361	7.22361	0
2	7.10132	7.16246	0.0432356
3	7.11443	7.14645	0.0316497
4	6.68409	7.03086	0.102879
5	6.76562	6.97781	0.0950004
6	6.42734	6.88607	0.115246
7	7.65792	6.99633	0.142054
8	6.89101	6.98317	0.124906
9	7.69888	7.06269	0.133972
10	6.71274	7.0277	0.125062
11	6.82681	7.00943	0.115018
12	7.30106	7.03374	0.10797
13	6.72137	7.00971	0.102304
14	6.60648	6.98091	0.0989677
15	7.15762	6.99269	0.0930684
16	6.81285	6.98145	0.0879277
17	6.60713	6.95943	0.0854679
18	6.68475	6.94417	0.0820707
19	6.70615	6.93164	0.0787016
20	6.86027	6.92807	0.0748473
1	7.02445	7.02445	0
2	7.22905	7.12675	0.0723367
3	7.17936	7.14429	0.0503059
4	7.43161	7.21612	0.0727542
5	7.4594	7.26477	0.0726751
6	7.36461	7.28141	0.0624384
7	7.59756	7.32658	0.0679164
8	7.08905	7.29689	0.0655963
9	7.14023	7.27948	0.0605732
10	7.17004	7.26854	0.0554957
11	6.91163	7.23609	0.0591802
12	6.65062	7.1873	0.0715888
13	7.11249	7.18155	0.0663129
14	7.3175	7.19126	0.0622832
15	8.028	7.24704	0.0792685
16	7.13827	7.24024	0.0746051
17	7.40194	7.24975	0.0708203
18	7.02076	7.23703	0.0680189
19	7.52012	7.25193	0.0660506
20	6.96217	7.23744	0.0643174
1	7.34293	7.34293	0
2	7.552	7.44746	0.0739175
3	8.14018	7.67837	0.194868
4	8.12295	7.78951	0.175
5	7.76975	7.78556	0.140045
6	8.28326	7.86851	0.139118
7	7.47693	7.81257	0.130005
8	7.54288	7.77886	0.118045
9	7.65582	7.76519	0.105717
10	7.96144	7.78481	0.0969501
11	7.4728	7.75645	0.0921926
12	7.51979	7.73673	0.0865935
13	7.55743	7.72293	0.0810233
14	8.31364	7.76513	0.0855194
15	7.38494	7.73978	0.0834896
16	8.27438	7.77319	0.0846939
17	7.29412	7.74501	0.08427
18	7.01321	7.70436	0.0888559
19	7.73443	7.70594	0.0841934
20	7.07076	7.67418	0.0857647
1	7.61785	7.61785	0
2	8.48753	8.05269	0.307478
3	7.94698	8.01745	0.206995
4	7.83153	7.97097	0.16038
5	8.55768	8.08831	0.165762
6	8.73245	8.19567	0.169369
7	7.42323	8.08532	0.177518
8	8.161	8.09478	0.15558
9	8.14181	8.10001	0.138381
10	6.98702	7.98871	0.163277
11	6.84289	7.88454	0.178596
12	7.45992	7.84916	0.167182
13	7.9755	7.85888	0.154604
14	7.87944	7.86035	0.143568
15	7.7292	7.8516	0.134263
16	8.17531	7.87183	0.127386
17	7.80701	7.86802	0.11995
18	7.12703	7.82685	0.120143
19	7.77536	7.82414	0.11385
20	7.31952	7.79891	0.110918
1	8.71534	8.71534	0
2	8.38735	8.55134	0.115961
3	9.05455	8.71908	0.15727
4	7.8966	8.51346	0.213594
5	8.02627	8.41602	0.191817
6	7.64726	8.2879	0.198069
7	7.08852	8.11656	0.23235
8	8.73743	8.19417	0.215879
9	8.52726	8.23118	0.195039
10	8.73744	8.2818	0.181987
11	7.58305	8.21828	0.176181
12	8.52263	8.24364	0.163314
13	7.93842	8.22016	0.15243
14	9.29151	8.29669	0.159599
15	8.4755	8.30861	0.149404
16	8.26161	8.30567	0.140095
17	7.85823	8.27935	0.134304
18	8.48518	8.29079	0.127328
19	8.37376	8.29515	0.120702
20	8.10137	8.28546	0.115055
1	9.28323	9.28323	0
2	8.59644	8.93983	0.242816
3	9.0179	8.96585	0.163266
4	9.04994	8.98688	0.123795
5	8.52861	8.89522	0.128563
6	8.87022	8.89106	0.107203
7	8.14563	8.78457	0.134772
8	8.65358	8.76819	0.118916
9	9.0864	8.80355	0.110834
10	8.11562	8.73476	0.119203
11	8.85523	8.74571	0.108869
12	7.32982	8.62772	0.150735
13	8.17613	8.59298	0.143087
14	8.14496	8.56098	0.136398
15	9.2747	8.60856	0.13535
16	8.51628	8.60279	0.127013
17	8.61925	8.60376	0.119546
18	8.61948	8.60463	0.112907
19	9.17299	8.63455	0.110857
20	8.73948	8.63979	0.105438
1	10.0633	10.0633	0
2	8.6628	9.36303	0.495142
3	8.87358	9.19988	0.355961
4	8.5544	9.03851	0.301336
5	8.7453	8.97987	0.246709
6	9.07699	8.99606	0.206121
7	8.17313	8.8785	0.20751
8	9.02003	8.89619	0.182324
9	8.42702	8.84406	0.169354
10	10.3059	8.99024	0.20607
11	8.24478	8.92247	0.198167
12	9.49005	8.96977	0.187212
13	9.80524	9.03404	0.183511
14	8.8904	9.02378	0.17069
15	9.42513	9.05054	0.161394
16	8.61712	9.02345	0.153563
17	9.43146	9.04745	0.146394
18	9.41493	9.06786	0.139677
19	7.7601	8.99903	0.148318
20	8.22312	8.96024	0.145888
1	9.07031	9.07031	0
2	9.38452	9.22741	0.111089
3	10.8587	9.77117	0.450107
4	9.94949	9.81575	0.339781
5	10.0628	9.86516	0.275394
6	9.62945	9.82587	0.23228
7	8.83184	9.68387	0.238588
8	9.20503	9.62401	0.216142
9	9.38243	9.59717	0.193786
10	8.45006	9.48246	0.205574
11	9.74452	9.50628	0.18826
12	8.94424	9.45945	0.178303
13	8.9271	9.4185	0.169225
14	9.00488	9.38895	0.159695
15	9.64403	9.40596	0.149952
16	9.2737	9.39769	0.140807
17	9.68712	9.41472	0.13355
18	8.62911	9.37107	0.133071
19	9.33487	9.36917	0.126081
20	9.16071	9.35874	0.120207
1	10.3642	10.3642	0
2	10.2635	10.3139	0.0356017
3	9.94428	10.1907	0.103351
4	9.94336	10.1288	0.0942092
5	11.1878	10.3406	0.203872
6	10.5298	10.3722	0.172314
7	9.62738	10.2658	0.177532
8	10.1432	10.2504	0.156
9	10.7876	10.3101	0.149647
10	10.2352	10.3026	0.13487
11	9.80757	10.2576	0.129901
12	8.44853	10.1069	0.187118
13	10.1369	10.1092	0.172738
14	9.61444	10.0738	0.163975
15	10.6575	10.1128	0.157592
16	9.74885	10.09	0.149375
17	9.31243	10.0443	0.147425
18	10.0816	10.0463	0.139249
19	10.2555	10.0573	0.132354
20	9.69219	10.0391	0.12699
1	10.4144	10.4144	0
2	9.87152	10.143	0.191954
3	10.6723	10.3194	0.192689
4	10.1377	10.274	0.149779
5	10.7429	10.3678	0.14627
6	10.7908	10.4383	0.137838
7	10.6929	10.4746	0.122853
8	11.3175	10.58	0.145834
9	10.3738	10.5571	0.131418
10	9.08552	10.4099	0.182972
11	10.4312	10.4119	0.166349
12	10.9384	10.4557	0.158167
13	10.3577	10.4482	0.14618
14	9.81862	10.4032	0.142488
15	10.2801	10.395	0.133225
16	11.5743	10.4687	0.143848
17	10.3732	10.4631	0.135497
18	10.3289	10.4557	0.128174
19	10.7445	10.4709	0.122326
20	10.092	10.4519	0.117667
1	10.6119	10.6119	0
2	11.591	11.1015	0.346183
3	11.2946	11.1659	0.2367
4	10.6992	11.0492	0.204261
5	9.81545	10.8024	0.27461
6	11.9534	10.9943	0.288153
7	11.5451	11.073	0.25751
8	11.0856	11.0745	0.225326
9	11.1309	11.0808	0.200377
10	11.2578	11.0985	0.181119
11	9.64899	10.9667	0.207114
12	10.8089	10.9536	0.190272
13	10.1635	10.8928	0.185088
14	10.4543	10.8615	0.174498
15	11.0555	10.8744	0.163343
16	10.7416	10.8661	0.153345
17	9.20797	10.7686	0.172579
18	11.8179	10.8269	0.172557
19	10.5946	10.8146	0.163908
20	11.5584	10.8518	0.159875
1	12.4274	12.4274	0
2	9.8935	11.1605	0.895882
3	11.4482	11.2564	0.602367
4	12.1107	11.47	0.48817
5	11.9825	11.5725	0.401153
6	11.0913	11.4923	0.342216
7	11.0992	11.4361	0.297899
8	11.2913	11.418	0.261211
9	11.5029	11.4274	0.232358
10	9.91554	11.2762	0.253583
11	10.3598	11.1929	0.243833
12	12.5161	11.3032	0.247191
13	12.0781	11.3628	0.235254
14	11.4639	11.37	0.218561
15	12.3839	11.4376	0.214187
16	11.8873	11.4657	0.202636
17	11.2237	11.4515	0.191216
18	10.7502	11.4125	0.184519
19	11.7496	11.4303	0.175658
20	11.2288	11.4202	0.167164
1	13.935	13.935	0
2	11.8429	12.8889	0.739693
3	10.384	12.0539	0.841414
4	10.7675	11.7323	0.68979
5	10.8701	11.5599	0.572985
6	12.0664	11.6443	0.483667
7	12.4983	11.7663	0.429683
8	10.98	11.668	0.387052
9	11.9723	11.7018	0.345519
10	9.9885	11.5305	0.350884
11	11.8863	11.5628	0.320473
12	12.5119	11.6419	0.303369
13	12.2167	11.6861	0.283237
14	10.6485	11.612	0.272531
15	11.768	11.6224	0.25456
16	12.0306	11.6479	0.239925
17	11.4316	11.6352	0.226149
18	11.5991	11.6332	0.213594
19	12.2113	11.6636	0.204508
20	11.245	11.6427	0.195351
1	12.3118	12.3118	0
2	12.7147	12.5133	0.142472
3	13.5855	12.8707	0.3069
4	13.7654	13.0944	0.300841
5	12.5113	12.9778	0.262302
6	12.8215	12.9517	0.219875
7	10.4667	12.5967	0.378864
8	11.7762	12.4941	0.345109
9	12.7056	12.5176	0.307562
10	14.1625	12.6821	0.317759
11	13.8523	12.7885	0.306162
12	12.8377	12.7926	0.280676
13	13.8262	12.8721	0.270111
14	12.1698	12.8219	0.255434
15	11.6575	12.7443	0.249922
16	13.3509	12.7822	0.237161
17	14.1424	12.8622	0.23632
18	10.9067	12.7536	0.246904
19	11.6996	12.6981	0.24006
20	12.5796	12.6922	0.22813
1	13.3336	13.3336	0
2	13.4622	13.3979	0.0454694
3	13.2616	13.3525	0.0478988
4	12.2926	13.0875	0.232254
5	14.8179	13.4336	0.361021
6	12.3532	13.2535	0.342825
7	12.479	13.1429	0.311193
8	11.5811	12.9476	0.32786
9	12.4288	12.89	0.296456
10	13.9924	13.0002	0.286577
11	12.4334	12.9487	0.265117
12	13.5815	13.0014	0.248213
13	13.7752	13.061	0.236148
14	12.8235	13.044	0.219888
15	12.8891	13.0337	0.205472
16	12.1586	12.979	0.199776
17	13.2146	12.9928	0.188505
18	11.3134	12.8995	0.199794
19	15.151	13.018	0.221651
20	13.7215	13.0532	0.213341
1	13.3968	13.3968	0
2	12.6613	13.0291	0.260044
3	14.6685	13.5755	0.478675
4	13.9656	13.6731	0.368808
5	13.622	13.6629	0.295188
6	13.2284	13.5904	0.254716
7	12.2726	13.4022	0.279369
8	12.825	13.33	0.253594
9	14.0163	13.4063	0.236604
10	14.7906	13.5447	0.250186
11	12.9068	13.4867	0.234067
12	15.2909	13.6371	0.258376
13	14.2488	13.6841	0.242748
14	15.4399	13.8095	0.25576
15	15.3802	13.9143	0.25926
16	15.9131	14.0392	0.271492
17	15.0509	14.0987	0.261964
18	13.569	14.0693	0.249058
19	14.4549	14.0896	0.236775
20	13.9277	14.0815	0.225075
1	18.4882	18.4882	0
2	12.7629	15.6255	2.0242
3	14.9889	15.4133	1.36054
4	15.9998	15.5599	1.02828
5	14.8152	15.411	0.83334
6	14.1346	15.1983	0.721092
7	16.0741	15.3234	0.628841
8	13.2505	15.0643	0.601252
9	13.8616	14.9306	0.549095
10	13.495	14.7871	0.512611
11	15.7538	14.875	0.473484
12	14.14	14.8137	0.43797
13	16.0619	14.9097	0.414671
14	16.3201	15.0105	0.397101
15	14.3863	14.9689	0.372801
16	15.2011	14.9834	0.349783
17	14.668	14.9648	0.3297
18	16.3956	15.0443	0.320822
19	13.361	14.9557	0.315933
20	14.6413	14.94	0.300527
1	13.4664	13.4664	0
2	16.3832	14.9248	1.03125
3	13.7813	14.5436	0.754671
4	16.2862	14.9793	0.680223
5	13.2874	14.6409	0.622676
6	15.7604	14.8275	0.546137
7	14.0585	14.7176	0.479041
8	16.3528	14.922	0.460709
9	17.539	15.2128	0.492808
10	16.5711	15.3486	0.461866
11	16.7793	15.4787	0.437809
12	14.3053	15.3809	0.412099
13	16.4262	15.4613	0.388164
14	18.009	15.6433	0.400833
15	17.2071	15.7476	0.387432
16	16.4436	15.7911	0.365651
17	16.0747	15.8078	0.344523
18	14.7391	15.7484	0.330459
19	13.5665	15.6335	0.332421
20	16.368	15.6703	0.317822
1	15.7376	15.7376	0
2	15.3178	15.5277	0.148402
3	15.84	15.6318	0.130425
4	15.5315	15.6067	0.1002
5	18.7554	16.2365	0.568934
6	17.23	16.4021	0.497626
7	16.5287	16.4202	0.426865
8	16.6667	16.451	0.374618
9	14.2399	16.2053	0.40563
10	14.0071	15.9855	0.42043
11	16.5074	16.0329	0.384877
12	17.2493	16.1343	0.365908
13	15.9712	16.1217	0.337976
14	16.261	16.1317	0.313981
15	14.9116	16.0504	0.303402
16	17.8352	16.1619	0.304257
17	16.6577	16.1911	0.287754
18	16.0163	16.1814	0.271931
19	13.1421	16.0214	0.301012
20	17.4089	16.0908	0.293847
1	12.473	12.473	0
2	15.7125	14.0928	1.14536
3	18.5288	15.5714	1.42852
4	18.4381	16.2881	1.23818
5	16.1281	16.2561	0.990955
6	15.6397	16.1534	0.831103
7	13.7318	15.8074	0.781062
8	16.4185	15.8838	0.687154
9	18.9906	16.229	0.6921
10	21.5218	16.7583	0.80007
11	12.6659	16.3862	0.809225
12	17.3261	16.4646	0.74557
13	15.8991	16.4211	0.689486
14	14.682	16.2968	0.651331
15	17.5602	16.3811	0.61333
16	12.3648	16.1301	0.624253
17	16.9985	16.1811	0.589619
18	16.1574	16.1798	0.556863
19	14.3308	16.0825	0.535991
20	14.1442	15.9856	0.517879
1	19.4856	19.4856	0
2	17.6291	18.5574	0.656373
3	15.7906	17.6351	0.870923
4	22.9761	18.9704	1.32809
5	23.9896	19.9742	1.39105
6	14.9649	19.1393	1.38731
7	17.2649	18.8716	1.21469
8	15.7682	18.4836	1.12309
9	16.1711	18.2267	1.02727
10	17.415	18.1455	0.927747
11	20.4548	18.3555	0.866833
12	20.416	18.5272	0.811426
13	17.9793	18.485	0.750102
14	17.2237	18.3949	0.701914
15	20.2889	18.5212	0.66638
16	20.0498	18.6167	0.631543
17	16.5674	18.4962	0.605788
18	15.9082	18.3524	0.588949
19	18.1475	18.3416	0.55805
20	12.4707	18.0481	0.602426
1	21.0919	21.0919	0
2	19.5389	20.3154	0.549082
3	18.284	19.6383	0.663066
4	24.7202	20.9087	1.20743
5	18.2308	20.3732	1.07821
6	20.8287	20.4491	0.901177
7	20.3262	20.4315	0.772608
8	19.0499	20.2588	0.695066
9	15.0303	19.6779	0.825663
10	20.8272	19.7928	0.751053
11	22.1532	20.0074	0.71277
12	15.5809	19.6385	0.742714
13	19.0701	19.5948	0.686868
14	18.1851	19.4941	0.645145
15	17.891	19.3872	0.610924
16	19.2043	19.3758	0.572848
17	22.951	19.5861	0.576465
18	16.5036	19.4148	0.569308
19	15.8899	19.2293	0.568771
20	12.9495	18.9153	0.620983
1	22.3331	22.3331	0
2	16.288	19.3106	2.13728
3	12.0517	16.891	2.43582
4	16.5318	16.8012	1.82852
5	19.6208	17.3651	1.54733
6	17.6441	17.4116	1.29014
7	15.0825	17.0789	1.14794
8	23.8407	17.9241	1.27829
9	20.6472	18.2267	1.17152
10	16.294	18.0334	1.07019
11	20.1738	18.228	0.990429
12	14.3191	17.9022	0.959966
13	19.9834	18.0623	0.899373
14	19.0849	18.1354	0.838092
15	19.7384	18.2422	0.789004
16	19.2844	18.3074	0.742375
17	22.8669	18.5756	0.745582
18	20.1101	18.6608	0.709018
19	15.1049	18.4737	0.695964
20	14.6554	18.2828	0.686853
1	20.9377	20.9377	0
2	18.9641	19.9509	0.697787
3	22.0528	20.6515	0.737335
4	21.9355	20.9725	0.618938
5	16.4768	20.0734	0.94442
6	19.8773	20.0407	0.787582
7	13.5303	19.1106	1.09415
8	17.5792	18.9192	0.973979
9	19.308	18.9624	0.866717
10	14.0399	18.4701	0.909148
11	17.0202	18.3383	0.835999
12	20.2357	18.4965	0.781142
13	16.5239	18.3447	0.735644
14	20.8577	18.5242	0.704657
15	18.666	18.5337	0.657744
16	17.2321	18.4523	0.621645
17	20.3544	18.5642	0.595062
18	12.2342	18.2125	0.657759
19	13.9989	17.9908	0.659468
20	17.841	17.9833	0.626537
1	9.4893	9.4893	0
2	21.1453	15.3173	4.12103
3	17.3672	16.0006	2.80343
4	20.3466	17.0871	2.30352
5	19.0778	17.4852	1.8769
6	18.3773	17.6339	1.56996
7	16.0979	17.4145	1.36093
8	23.6305	18.1915	1.3951
9	25.525	19.0063	1.45876
10	12.9986	18.4055	1.43126
11	12.1897	17.8405	1.40828
12	17.9774	17.8519	1.29097
13	23.2227	18.265	1.25604
14	18.2973	18.2673	1.16632
15	23.0659	18.5872	1.13159
16	20.4716	18.705	1.06698
17	13.5487	18.4017	1.04644
18	15.538	18.2426	1.00032
19	29.6205	18.8414	1.11257
20	19.4288	18.8708	1.05733
1	18.9432	18.9432	0
2	13.6105	16.2768	1.88542
3	19.4483	17.334	1.52478
4	17.8718	17.4684	1.14949
5	14.694	16.9135	1.04498
6	20.7557	17.5539	1.04883
7	25.2457	18.6527	1.35761
8	15.6365	18.2757	1.23916
9	16.0306	18.0262	1.1263
10	20.1797	18.2416	1.03406
11	15.8132	18.0208	0.963329
12	25.1948	18.6186	1.05233
13	21.0232	18.8036	0.987504
14	22.0115	19.0328	0.943177
15	16.8035	18.8841	0.89193
16	21.4684	19.0457	0.850683
17	18.4489	19.0106	0.801367
18	16.3355	18.8619	0.770504
19	16.4271	18.7338	0.740531
20	22.2208	18.9081	0.723738
1	24.7521	24.7521	0
2	20.4081	22.5801	1.53584
3	15.5743	20.2449	2.16426
4	14.8197	18.8886	2.0036
5	24.0035	19.9115	1.84565
6	20.5447	20.0171	1.54106
7	17.9813	19.7262	1.34807
8	18.9134	19.6246	1.18338
9	20.048	19.6717	1.05283
10	14.2341	19.1279	1.07887
11	20.3313	19.2373	0.986318
12	12.6252	18.6863	1.04678
13	11.3442	18.1215	1.10819
14	15.5721	17.9394	1.04389
15	17.4481	17.9067	0.974812
16	17.4058	17.8754	0.914388
17	16.4914	17.794	0.864217
18	15.3991	17.6609	0.826383
19	17.8352	17.6701	0.78294
20	11.4449	17.3588	0.803286
1	19.072	19.072	0
2	27.3622	23.2171	2.93103
3	25.9018	24.112	2.08616
4	19.0545	22.8476	1.90972
5	18.4443	21.967	1.71888
6	32.0771	23.652	2.10187
7	21.9158	23.404	1.81618
8	24.7506	23.5723	1.59694
9	18.4256	23.0004	1.51844
10	19.6895	22.6693	1.40223
11	15.8499	22.0494	1.40513
12	15.3098	21.4878	1.39578
13	21.7922	21.5112	1.2886
14	20.8776	21.4659	1.19736
15	13.4755	20.9332	1.23033
16	12.906	20.4315	1.25156
17	29.0909	20.9409	1.27739
18	17.6151	20.7561	1.21972
19	23.3177	20.891	1.16295
20	20.961	20.8945	1.10481
1	8.12574	8.12574	0
2	18.2201	13.1729	3.5689
3	22.7677	16.3712	3.53273
4	6.45188	13.8914	3.41061
5	4.6838	12.0498	3.18709
6	7.80419	11.3422	2.73334
7	21.8491	12.8432	2.72398
8	19.7297	13.704	2.51582
9	32.4651	15.7886	2.97718
10	13.4845	15.5582	2.68836
11	16.1342	15.6105	2.44447
12	8.18891	14.9921	2.31769
13	23.3562	15.6355	2.22692
14	11.4963	15.3398	2.08738
15	16.2452	15.4002	1.9491
16	29.778	16.2988	2.02385
17	21.1517	16.5843	1.92483
18	8.28836	16.1234	1.87226
19	21.1191	16.3863	1.79209
20	12.0229	16.1681	1.71571
1	8.46903	8.46903	0
2	12.0366	10.2528	1.26134
3	8.64409	9.71658	0.948053
4	17.9759	11.7814	1.92437
5	37.3659	16.8983	4.82869
6	22.9107	17.9004	4.12657
7	20.0832	18.2122	3.54882
8	11.3677	17.3566	3.20669
9	14.2257	17.0088	2.8692
10	8.83685	16.1916	2.69615
11	25.4721	17.0353	2.57967
12	16.4122	16.9833	2.36522
13	30.7976	18.046	2.4102
14	20.0984	18.1926	2.24249
15	18.388	18.2056	2.09303
16	12.5436	17.8517	1.99191
17	4.85923	17.0875	2.01603
18	7.78457	16.5706	1.96916
19	12.7251	16.3682	1.8759
20	16.5417	16.3769	1.78212
1	20.2436	20.2436	0
2	8.19189	14.2178	4.26093
3	3.66661	10.7007	4.03925
4	14.4788	11.6452	3.13793
5	16.8152	12.6792	2.67528
6	33.0019	16.0663	3.81192
7	13.8445	15.7489	3.28054
8	14.6998	15.6178	2.8731
9	15.3168	15.5843	2.55406
10	5.32677	14.5586	2.49615
11	18.1817	14.888	2.29085
12	22.279	15.5039	2.18118
13	14.7796	15.4482	2.01411
14	19.8316	15.7613	1.89442
15	21.5221	16.1453	1.80664
16	17.2148	16.2122	1.69496
17	7.52614	15.7012	1.67049
18	28.4391	16.4089	1.72106
19	31.3445	17.195	1.80108
20	3.65434	16.5179	1.83386
1	7.90245	7.90245	0
2	10.9432	9.42282	1.07506
3	5.65863	8.16809	1.2503
4	4.61214	7.27911	1.21328
5	8.19616	7.46252	0.984389
6	6.24424	7.25947	0.841005
7	4.42322	6.85429	0.812624
8	24.5397	9.06497	2.18674
9	15.3788	9.76651	2.05321
10	28.2413	11.614	2.54688
11	33.7584	13.6271	3.0075
12	24.8104	14.5591	2.89767
13	14.9107	14.5861	2.6749
14	5.2429	13.9187	2.56574
15	11.7706	13.7755	2.39868
16	29.2075	14.74	2.43497
17	42.2553	16.3586	2.77806
18	8.42506	15.9178	2.65846
19	11.6038	15.6908	2.52822
20	3.71983	15.0922	2.47164
1	31.8118	31.8118	0
2	21.5976	26.7047	3.61128
3	15.9573	23.1223	3.78843
4	12.7276	20.5236	3.62463
5	23.9005	21.199	2.96196
6	2.61309	18.1013	3.75349
7	13.3711	17.4256	3.27754
8	4.54073	15.815	3.2395
9	24.5193	16.7821	3.02047
10	5.33712	15.6376	2.92724
11	26.0365	16.583	2.80964
12	16.3998	16.5677	2.57554
13	4.25027	15.6202	2.54575
14	53.9975	18.3614	3.54481
15	22.3221	18.6255	3.31831
16	3.47559	17.6786	3.24319
17	13.3642	17.4248	3.06233
18	5.34518	16.7537	2.96482
19	12.0121	16.5042	2.81926
20	8.91774	16.1249	2.7037
1	4.35684	4.35684	0
2	7.44889	5.90286	1.09321
3	7.85279	6.55284	0.901556
4	29.5291	12.2969	5.02024
5	2.31348	10.3002	4.39536
6	6.57651	9.6796	3.70636
7	6.18285	9.18006	3.21037
8	21.2193	10.685	3.14206
9	24.4863	12.2184	3.14496
10	46.9332	15.6899	4.34253
11	5.71343	14.783	4.04136
12	6.60375	14.1014	3.76162
13	44.188	16.4157	4.1232
14	8.545	15.8535	3.86683
15	9.92378	15.4582	3.62919
16	2.4826	14.6472	3.4918
17	3.80444	14.0094	3.34414
18	8.30914	13.6927	3.17332
19	9.17853	13.4552	3.01518
20	4.98807	13.0318	2.89399
1	2.52616	2.52616	0
2	4.4588	3.49248	0.683291
3	41.3412	16.1087	10.3112
4	3.2649	12.8978	8.21814
5	37.4523	17.8087	7.90683
6	3.72194	15.4609	6.92883
7	7.00961	14.2536	6.04327
8	4.11135	12.9858	5.41921
9	20.3232	13.801	4.87801
10	6.89807	13.1108	4.43878
11	3.17158	12.2072	4.1262
12	5.07948	11.6132	3.82486
13	7.61944	11.306	3.54296
14	4.58403	10.8259	3.32226
15	2.01295	10.2383	3.1523
16	11.5398	10.3197	2.95633
17	6.84017	10.115	2.78951
18	4.48527	9.80223	2.65201
19	23.9168	10.5451	2.61441
20	27.1992	11.3778	2.61293
