-6.61404
-6.61687
-6.61537
-6.60912
-6.60044
-6.59346
-6.58979
-6.5888
-6.59457
-6.6065145
-6.61776
-6.62992
-6.63777
-6.6432
-6.64304
-6.64135
-6.64164
-6.64515
-6.64892
-6.6555599
-6.66382
-6.67406
-6.68218
-6.69409
-6.70261
-6.71086
-6.71787
-6.72395
-6.72915
-6.7295796
-6.72829
-6.72519
-6.72078
-6.71281
-6.69988
-6.68347
-6.66169
-6.63608
-6.61042
-6.5847645
-6.56385
-6.55093
-6.5451
-6.5483
-6.5552
-6.56513
-6.57892
-6.59651
-6.61901
-6.6456994
-6.66722
-6.68541
-6.69579
-6.69675
-6.686
-6.66605
-6.63872
-6.60597
-6.57481
-6.5478681
-6.52383
-6.51099
-6.5064
-6.50925
-6.52059
-6.53748
-6.55695
-6.57756
-6.60157
-6.6228803
-6.64031
-6.65478
-6.66577
-6.67097
-6.67071
-6.66684
-6.65841
-6.65004
-6.643
-6.6369204
-6.6307
-6.63284
-6.63608
-6.64372
-6.65317
-6.66269
-6.66936
-6.67748
-6.68249
-6.6887428
-6.69125
-6.68947
-6.68587
-6.67921
-6.6728
-6.6617
-6.65196
-6.64794
-6.64591
-6.6479007
-6.65082
-6.65334
-6.65813
-6.66337
-6.66909
-6.67511
-6.68145
-6.69034
-6.69776
-6.7030962
-6.7079
-6.70684
-6.70534
-6.69494
-6.68165
-6.6667
-6.65318
-6.63988
-6.62895
-6.6210770
-6.61104
-6.5952
-6.58083
-6.56329
-6.54247
-6.52294
-6.51104
-6.50971
-6.51774
-6.5364923
-6.56043
-6.59085
-6.61825
-6.64004
-6.65757
-6.66823
-6.67678
-6.68398
-6.68894
-6.6923200
-6.69171
-6.68515
-6.67355
-6.65179
-6.62088
-6.58185
-6.53602
-6.4929
-6.46164
-6.4519815
-6.46874
-6.50851
-6.56994
-6.64376
-6.71939
-6.78787
-6.84662
-6.88772
-6.91034
-6.9142829
-6.9049
-6.88281
-6.84823
-6.80625
-6.75928
-6.71535
-6.67719
-6.646
-6.62297
-6.6084305
-6.60189
-6.59576
-6.59124
-6.58811
-6.58656
-6.58762
-6.59004
-6.59909
-6.60933
-6.6206654
-6.6337
-6.64408
-6.64706
-6.64329
-6.63109
-6.61324
-6.58889
-6.56549
-6.54252
-6.5207478
-6.50431
-6.49345
-6.4875
-6.48933
-6.49403
-6.5033
-6.516
-6.53174
-6.5516
-6.5719604
-6.59109
-6.61223
-6.63159
-6.65357
-6.67192
-6.68579
-6.69647
-6.70518
-6.70961
-6.7102543
-6.70511
-6.6995
-6.69997
-6.70076
-6.70289
-6.70857
-6.71099
-6.7143
-6.71474
-6.7158051
-6.71972
-6.72679
-6.73778
-6.74608
-6.75502
-6.76027
-6.76006
-6.75033
-6.73645
-6.7159577
-6.69459
-6.67392
-6.65417
-6.63603
-6.62037
-6.60951
-6.59998
-6.5949
-6.59215
-6.5893184
-6.59002
-6.59106
-6.59368
-6.59621
-6.60145
-6.60969
-6.61811
-6.62718
-6.6376
-6.6420570
-6.64426
-6.64498
-6.64171
-6.63535
-6.62672
-6.61244
-6.59828
-6.58239
-6.56614
-6.5508389
-6.54038
-6.53129
-6.52082
-6.51674
-6.51762
-6.52647
-6.54096
-6.55948
-6.57672
-6.5947458
-6.61303
-6.62948
-6.64222
-6.65342
-6.66281
-6.66799
-6.66859
-6.66225
-6.65622
-6.6497820
-6.64223
-6.63884
-6.64251
-6.65193
-6.6648
-6.68165
-6.69672
-6.70693
-6.71321
-6.7127321
-6.71011
-6.70628
-6.70296
-6.70572
-6.71589
-6.72487
-6.73415
-6.74453
-6.75163
-6.7501912
-6.74627
-6.73447
-6.7194
-6.70209
-6.68479
-6.67007
-6.65829
-6.64789
-6.6425
-6.6417975
-6.64122
-6.64227
-6.64659
-6.65086
-6.6544
-6.651
-6.63913
-6.62044
-6.59734
-6.5718169
-6.54759
-6.53041
-6.51783
-6.5051
-6.49616
-6.49004
-6.49153
-6.4976
-6.5102
-6.5321769
-6.56273
-6.59533
-6.62881
-6.6571
-6.67976
-6.69836
-6.70936
-6.71332
-6.70728
-6.6976025
-6.68217
-6.66009
-6.63341
-6.6046
-6.57597
-6.55154
-6.53621
-6.5297
-6.53422
-6.5477990
-6.56749
-6.59394
-6.62241
-6.65363
-6.6837
-6.71088
-6.73214
-6.74247
-6.74847
-6.7465134
-6.7398
-6.73062
-6.72157
-6.7131
-6.70552
-6.70247
-6.69936
-6.69783
-6.69446
-6.6919469
-6.68464
-6.67734
-6.66801
-6.65769
-6.64691
-6.63905
-6.63147
-6.62361
-6.61645
-6.6087885
-6.60224
-6.60162
-6.60888
-6.61936
-6.63368
-6.64915
-6.66237
-6.67212
-6.67424
-6.6727277
-6.67083
-6.66667
-6.6591
-6.64866
-6.63699
-6.62339
-6.60769
-6.59342
-6.58037
-6.5700323
-6.55952
-6.55201
-6.54824
-6.54831
-6.54882
-6.55044
-6.55622
-6.56228
-6.56918
-6.5803977
-6.59233
-6.60576
-6.6205
-6.63675
-6.65658
-6.67411
-6.68856
-6.69895
-6.70066
-6.6968548
-6.68246
-6.6619
-6.63544
-6.61042
-6.59406
-6.58447
-6.5861
-6.59556
-6.61282
-6.6330911
-6.65273
-6.67086
-6.68299
-6.69062
-6.69704
-6.70365
-6.70649
-6.70869
-6.70904
-6.7034866
-6.69671
-6.68692
-6.6742
-6.66105
-6.65192
-6.64391
-6.6414
-6.63689
-6.63112
-6.6240879
-6.61132
-6.59909
-6.58505
-6.57205
-6.55763
-6.54834
-6.54348
-6.54454
-6.55478
-6.5708492
-6.59148
-6.61623
-6.63916
-6.66408
-6.68294
-6.69852
-6.71268
-6.72096
-6.72784
-6.7361372
-6.74338
-6.75274
-6.76058
-6.76637
-6.76638
-6.75927
-6.74377
-6.71808
-6.68345
-6.6429807
-6.60188
-6.5628
-6.53135
-6.50857
-6.49407
-6.48654
-6.48608
-6.49323
-6.50368
-6.5188597
-6.54153
-6.56959
-6.59606
-6.62313
-6.64509
-6.66156
-6.6691
-6.66977
-6.664
-6.6510715
-6.63409
-6.61873
-6.60618
-6.59864
-6.59513
-6.59276
-6.59548
-6.60056
-6.60684
-6.6145316
-6.62741
-6.643
-6.66143
-6.67683
-6.69074
-6.69892
-6.70009
-6.69864
-6.68741
-6.6712645
-6.65151
-6.63151
-6.61625
-6.60438
-6.60008
-6.60168
-6.60894
-6.61982
-6.63345
-6.6471835
-6.66158
-6.66862
-6.67458
-6.67788
-6.67856
-6.6743
-6.67239
-6.67169
-6.67376
-6.6787946
-6.68724
-6.69895
-6.70533
-6.70474
-6.69413
-6.67616
-6.65098
-6.62577
-6.60316
-6.5880170
-6.58067
-6.57751
-6.58398
-6.59918
-6.61919
-6.63859
-6.65729
-6.66903
-6.67055
-6.6680707
-6.65815
-6.6475
-6.63493
-6.62446
-6.61469
-6.6068
-6.60075
-6.5954
-6.58852
-6.5839611
-6.57978
-6.58021
-6.58459
-6.59194
-6.59787
-6.6068
-6.61813
-6.6343
-6.65527
-6.6804882
-6.70819
-6.73407
-6.75186
-6.75851
-6.75637
-6.74938
-6.73799
-6.725
-6.71268
-6.7020351
-6.68626
-6.67107
-6.65338
-6.63378
-6.61708
-6.6035
-6.59176
-6.58263
-6.57975
-6.5791177
-6.58392
-6.59152
-6.60267
-6.62066
-6.64614
-6.67152
-6.69655
-6.7188
-6.73386
-6.7384807
-6.72943
-6.71288
-6.69265
-6.6662
-6.63936
-6.61587
-6.59798
-6.58763
-6.58442
-6.5834409
-6.58617
-6.5924
-6.59828
-6.60248
-6.60708
-6.60937
-6.60762
-6.60024
-6.59005
-6.5751052
-6.55477
-6.52874
-6.5047
-6.48052
-6.46624
-6.45887
-6.46684
-6.48968
-6.52485
-6.5657543
-6.61082
-6.65227
-6.68873
-6.71377
-6.72686
-6.72924
-6.72636
-6.71901
-6.70946
-6.6997166
-6.69223
-6.68716
-6.68329
-6.67791
-6.67508
-6.67328
-6.67533
-6.67613
-6.68105
-6.6854355
-6.69211
-6.6985
-6.70479
-6.70439
-6.70172
-6.69137
-6.67822
-6.66155
-6.64355
-6.6267670
-6.61059
-6.60073
-6.59742
-6.60059
-6.61012
-6.62075
-6.63176
-6.64213
-6.64988
-6.6551723
-6.66005
-6.6649
-6.66764
-6.66483
-6.65649
-6.64521
-6.62524
-6.60071
-6.57428
-6.5489215
-6.53147
-6.52109
-6.524
-6.53425
-6.5486
-6.56486
-6.5804
-6.59172
-6.59791
-6.6002534
-6.59589
-6.59052
-6.587
-6.58147
-6.58154
-6.58577
-6.59463
-6.60813
-6.62269
-6.6412672
-6.66251
-6.68336
-6.70223
-6.72185
-6.74117
-6.75712
-6.77068
-6.77892
-6.78065
-6.7758812
-6.76227
-6.74528
-6.72596
-6.70631
-6.69117
-6.67694
-6.66819
-6.65985
-6.65616
-6.6582972
-6.66272
-6.67041
-6.67779
-6.68146
-6.68133
-6.675
-6.66266
-6.64578
-6.62673
-6.6085083
-6.59088
-6.57635
-6.55984
-6.54981
-6.5462
-6.54935
-6.55652
-6.56659
-6.58257
-6.6004726
-6.61669
-6.63071
-6.64265
-6.64453
-6.63941
-6.63041
-6.62233
-6.61556
-6.61549
-6.6220015
-6.62699
-6.63107
-6.63555
-6.63542
-6.63491
-6.63899
-6.64043
-6.63968
-6.63077
-6.6086291
-6.57982
-6.54795
-6.52274
-6.50886
-6.51146
-6.52815
-6.55797
-6.59201
-6.63389
-6.6705803
-6.70749
-6.73888
-6.76592
-6.78725
-6.79597
-6.79688
-6.78731
-6.76679
-6.74497
-6.7231961
-6.70731
-6.69611
-6.69315
-6.69418
-6.69446
-6.69176
-6.6841
-6.67305
-6.65814
-6.6374390
-6.61733
-6.5952
-6.57586
-6.56746
-6.56754
-6.57186
-6.57725
-6.58381
-6.58966
-6.5938744
-6.59807
-6.59759
-6.59702
-6.60304
-6.61017
-6.62766
-6.65304
-6.68949
-6.7264
-6.7632663
-6.79324
-6.81038
-6.81209
-6.79916
-6.76946
-6.72936
-6.68255
-6.63373
-6.58737
-6.5524786
-6.53319
-6.52851
-6.54282
-6.57076
-6.6074
-6.64645
-6.68593
-6.71701
-6.74054
-6.7523450
-6.75456
-6.74643
-6.73276
-6.70903
-6.67968
-6.65243
-6.62588
-6.59948
-6.58123
-6.5650077
-6.55636
-6.54917
-6.5436
-6.53637
-6.53376
-6.53307
-6.53493
-6.54032
-6.54716
-6.5573577
-6.56519
-6.57458
-6.58363
-6.59737
-6.61629
-6.63842
-6.66181
-6.68996
-6.71521
-6.7379764
-6.75093
-6.75491
-6.75143
-6.74076
-6.72432
-6.70284
-6.68119
-6.66125
-6.64053
-6.6222072
-6.60664
-6.58539
-6.56926
-6.55094
-6.53535
-6.52303
-6.5144
-6.51164
-6.51257
-6.5200845
-6.53603
-6.55709
-6.58094
-6.60576
-6.63157
-6.65458
-6.67518
-6.68997
-6.70056
-6.7106837
-6.71846
-6.72567
-6.73292
-6.73729
-6.73941
-6.73671
-6.73103
-6.71472
-6.69276
-6.6631167
-6.63202
-6.60559
-6.58789
-6.58623
-6.59769
-6.62368
-6.65472
-6.68768
-6.7171
-6.7358363
-6.74829
-6.75018
-6.74178
-6.72682
-6.70637
-6.67593
-6.64477
-6.61043
-6.57924
-6.5517953
-6.53251
-6.52005
-6.51271
-6.51052
-6.51423
-6.5219
-6.53106
-6.54617
-6.56203
-6.5791933
-6.5947
-6.60658
-6.61548
-6.62449
-6.63119
-6.63703
-6.64401
-6.64906
-6.65745
-6.6644654
-6.67025
-6.67899
-6.69353
-6.70743
-6.72211
-6.73487
-6.74449
-6.74952
-6.75173
-6.7454588
-6.73452
-6.71327
-6.68478
-6.65578
-6.62091
-6.58522
-6.55564
-6.53101
-6.51546
-6.5157937
-6.5278
-6.55251
-6.58112
-6.61202
-6.64244
-6.66849
-6.69243
-6.7107
-6.72462
-6.7356699
-6.74018
-6.7369
-6.7255
-6.70909
-6.68504
-6.65276
-6.61708
-6.58213
-6.55576
-6.5432308
-6.54673
-6.56501
-6.59674
-6.63287
-6.67073
-6.69868
-6.71161
-6.71315
-6.7075
-6.6919281
