-5.41399
-5.41398
-5.41355
-5.41253
-5.41203
-5.41376
-5.4164
-5.41696
-5.4185
-5.42117081
-5.42032
-5.42049
-5.41885
-5.41848
-5.41593
-5.41388
-5.41397
-5.4158
-5.41542
-5.41533301
-5.41484
-5.41522
-5.41326
-5.41547
-5.41506
-5.41528
-5.41546
-5.41626
-5.41801
-5.41686181
-5.41572
-5.41455
-5.41429
-5.41359
-5.41215
-5.41227
-5.41212
-5.41215
-5.41378
-5.41379630
-5.41377
-5.41484
-5.41555
-5.41872
-5.42047
-5.4209
-5.42072
-5.41957
-5.41924
-5.42120494
-5.41927
-5.41864
-5.41775
-5.41705
-5.41505
-5.41352
-5.41227
-5.41007
-5.41021
-5.41164721
-5.4101
-5.41191
-5.41341
-5.41417
-5.41641
-5.4188
-5.42006
-5.42021
-5.42283
-5.42305013
-5.42116
-5.41976
-5.41985
-5.41991
-5.42006
-5.421
-5.42016
-5.42047
-5.42157
-5.42181239
-5.4192
-5.4218
-5.42213
-5.42372
-5.42456
-5.42427
-5.42155
-5.42199
-5.42145
-5.42417780
-5.42497
-5.42345
-5.42254
-5.4213
-5.42272
-5.42074
-5.41961
-5.42186
-5.42257
-5.42355983
-5.4225
-5.41935
-5.41805
-5.41738
-5.41738
-5.41743
-5.41718
-5.41885
-5.41882
-5.41739259
-5.41744
-5.41508
-5.41684
-5.41474
-5.41407
-5.41427
-5.41601
-5.41595
-5.41555
-5.41656414
-5.41605
-5.41247
-5.41404
-5.41573
-5.41544
-5.41454
-5.41562
-5.41828
-5.41939
-5.42065846
-5.41928
-5.42097
-5.42095
-5.42005
-5.42078
-5.41971
-5.4198
-5.42032
-5.41986
-5.41961383
-5.41855
-5.41664
-5.4168
-5.41554
-5.4146
-5.4142
-5.41233
-5.41224
-5.41408
-5.41835167
-5.42364
-5.42547
-5.42694
-5.4274
-5.42652
-5.42455
-5.42533
-5.42458
-5.42282
-5.41955461
-5.41873
-5.41881
-5.41725
-5.41574
-5.41271
-5.41202
-5.41264
-5.41311
-5.4136
-5.41492459
-5.41832
-5.41827
-5.41776
-5.41753
-5.41769
-5.4183
-5.41704
-5.4187
-5.41831
-5.41737907
-5.4188
-5.42064
-5.42006
-5.41906
-5.41645
-5.41457
-5.41126
-5.41176
-5.41287
-5.41260491
-5.41313
-5.4137
-5.41359
-5.41604
-5.4165
-5.41696
-5.41641
-5.4151
-5.41556
-5.41587237
-5.41548
-5.4177
-5.41835
-5.42157
-5.42177
-5.41952
-5.41779
-5.4189
-5.4207
-5.42266525
-5.42095
-5.41879
-5.42097
-5.42091
-5.41981
-5.42085
-5.41852
-5.41807
-5.41602
-5.41508464
-5.41592
-5.4175
-5.42031
-5.41904
-5.41943
-5.41989
-5.42084
-5.41918
-5.41989
-5.41887570
-5.41943
-5.42053
-5.42048
-5.41916
-5.41748
-5.41805
-5.41736
-5.41829
-5.41885
-5.41737246
-5.41841
-5.41914
-5.42028
-5.41923
-5.41821
-5.41775
-5.41618
-5.41544
-5.41751
-5.41594270
-5.41499
-5.41565
-5.41563
-5.41594
-5.41725
-5.41571
-5.41622
-5.41587
-5.41497
-5.41411030
-5.41684
-5.41931
-5.41772
-5.41824
-5.41791
-5.41917
-5.42059
-5.42245
-5.42153
-5.42146321
-5.42263
-5.42344
-5.42228
-5.42171
-5.42205
-5.42166
-5.42089
-5.41756
-5.41824
-5.42045057
-5.42071
-5.42124
-5.42259
-5.42261
-5.42043
-5.41981
-5.41883
-5.41733
-5.41744
-5.41572099
-5.41518
-5.41455
-5.41318
-5.41457
-5.4189
-5.41821
-5.41625
-5.41692
-5.41836
-5.41679258
-5.41878
-5.41859
-5.41955
-5.42045
-5.42094
-5.42158
-5.42164
-5.41939
-5.41902
-5.42085524
-5.42074
-5.42001
-5.42021
-5.41921
-5.41945
-5.41841
-5.41664
-5.41538
-5.41444
-5.41251963
-5.41051
-5.41248
-5.41543
-5.41478
-5.41478
-5.41419
-5.41668
-5.41742
-5.41665
-5.41680229
-5.41863
-5.4188
-5.4199
-5.41911
-5.41815
-5.41974
-5.42067
-5.4213
-5.4184
-5.41810566
-5.41816
-5.4173
-5.41659
-5.41648
-5.41607
-5.41571
-5.41693
-5.4173
-5.4186
-5.41976710
-5.41945
-5.42023
-5.41949
-5.42015
-5.42058
-5.42142
-5.42175
-5.4181
-5.41767
-5.41638007
-5.41594
-5.41637
-5.41801
-5.41917
-5.41881
-5.42006
-5.41892
-5.41858
-5.41742
-5.41942381
-5.4192
-5.42071
-5.42072
-5.4192
-5.41608
-5.41486
-5.41354
-5.41249
-5.41306
-5.41342989
-5.41339
-5.41523
-5.4188
-5.41934
-5.41958
-5.42014
-5.42047
-5.42103
-5.41805
-5.41512299
-5.41485
-5.41492
-5.41403
-5.4128
-5.41287
-5.41332
-5.41323
-5.41489
-5.41669
-5.41891192
-5.41794
-5.41665
-5.41597
-5.41651
-5.41568
-5.41481
-5.41717
-5.41861
-5.41915
-5.42167152
-5.42226
-5.42184
-5.42071
-5.41982
-5.42208
-5.42261
-5.42199
-5.42116
-5.41783
-5.41725529
-5.41509
-5.41447
-5.41233
-5.41133
-5.414
-5.41496
-5.41724
-5.41807
-5.41959
-5.42013024
-5.41938
-5.41936
-5.41731
-5.41498
-5.41473
-5.41655
-5.41551
-5.41472
-5.41412
-5.41110907
-5.41131
-5.41258
-5.41343
-5.41389
-5.41614
-5.41616
-5.41866
-5.41771
-5.41623
-5.41593204
-5.41303
-5.41345
-5.4137
-5.41507
-5.41339
-5.41349
-5.41309
-5.41245
-5.4144
-5.41594557
-5.417
-5.41912
-5.41874
-5.42175
-5.42144
-5.42111
-5.42245
-5.42032
-5.41828
-5.41825462
-5.41728
-5.41854
-5.41904
-5.41969
-5.41882
-5.4174
-5.41614
-5.41422
-5.41216
-5.41045154
-5.41017
-5.40937
-5.40982
-5.41068
-5.41147
-5.41183
-5.41277
-5.4153
-5.41524
-5.41417346
-5.41531
-5.41758
-5.41604
-5.41579
-5.41427
-5.41384
-5.41265
-5.41312
-5.41473
-5.41464850
-5.41324
-5.41338
-5.41403
-5.41605
-5.41806
-5.41744
-5.4187
-5.41961
-5.41921
-5.41755278
-5.41817
-5.41873
-5.42042
-5.41931
-5.41926
-5.41806
-5.41581
-5.41742
-5.41554
-5.41411259
-5.4126
-5.41171
-5.41338
-5.41363
-5.41525
-5.41649
-5.41794
-5.41891
-5.42005
-5.42037928
-5.42215
-5.41893
-5.41821
-5.4188
-5.42015
-5.41844
-5.41918
-5.41943
-5.41945
-5.41883274
-5.4187
-5.42118
-5.42131
-5.42115
-5.41961
-5.41892
-5.41633
-5.41511
-5.41421
-5.41578696
-5.41846
-5.41764
-5.41843
-5.42068
-5.42264
-5.42228
-5.42319
-5.42223
-5.41794
-5.41692371
-5.41477
-5.41611
-5.41707
-5.41921
-5.41977
-5.41996
-5.42068
-5.42167
-5.42077
-5.42096593
-5.41901
-5.41837
-5.41863
-5.41975
-5.41824
-5.41842
-5.41845
-5.41897
-5.41886
-5.41851350
-5.41938
-5.42144
-5.42223
-5.42068
-5.41893
-5.41905
-5.4188
-5.41842
-5.41877
-5.42069088
-5.41828
-5.41837
-5.41819
-5.4172
-5.41836
-5.41999
-5.41974
-5.41818
-5.41918
-5.41889111
-5.42027
-5.4201
-5.41838
-5.41795
-5.41999
-5.41885
-5.41763
-5.41795
-5.41897
-5.41953317
-5.41691
-5.41609
-5.41848
-5.41831
-5.41784
-5.41764
-5.41762
-5.41861
-5.4202
-5.41841526
-5.41642
-5.41616
-5.41574
-5.41494
-5.41608
-5.41654
-5.41528
-5.41193
-5.41073
-5.41047660
-5.4103
-5.40869
-5.41095
-5.41135
-5.41547
-5.41577
-5.41756
-5.41961
-5.42133
-5.42027665
-5.42028
-5.41911
-5.42013
-5.41999
-5.4192
-5.41798
-5.41903
-5.41976
-5.41944
-5.41826252
-5.41807
-5.41914
-5.42051
-5.41962
-5.42037
-5.42086
-5.42333
-5.42229
-5.42285
-5.42075108
-5.41981
-5.41903
-5.42034
-5.41862
-5.41912
-5.41671
-5.41597
-5.41535
-5.41557
-5.41700211
-5.41644
-5.41706
-5.41745
-5.41743
-5.41847
-5.41795
-5.41755
-5.41772
-5.4169
-5.41514906
-5.41436
-5.41514
-5.41614
-5.41507
-5.41324
-5.41424
-5.41269
-5.41165
-5.41126
-5.41065235
-5.41239
-5.41214
-5.41448
-5.41463
-5.41274
-5.41106
-5.41098
-5.41142
-5.41218
-5.41402088
-5.41277
-5.41264
-5.41493
-5.41416
-5.41615
-5.41795
-5.41913
-5.4199
-5.41793
-5.41774883
-5.4194
-5.42066
-5.4203
-5.4212
-5.4227
-5.42247
-5.42275
-5.42221
-5.42121
-5.42080486
-5.41854
-5.41844
-5.41896
-5.41911
-5.42137
-5.42109
-5.42273
-5.42117
-5.42029
-5.42102389
-5.42035
-5.42078
-5.42096
-5.41994
-5.41971
-5.41911
-5.41827
-5.41729
-5.41651
-5.41716875
-5.41791
-5.42038
-5.41815
-5.41802
-5.41863
-5.41988
-5.41944
-5.41696
-5.41661
-5.41605309
-5.41423
-5.41372
-5.41723
-5.41782
-5.41765
-5.41715
-5.41765
-5.41646
-5.41727
-5.42021483
-5.41932
-5.41814
-5.4201
-5.41995
-5.41947
-5.42131
-5.41956
-5.41952
-5.4201
-5.41784209
-5.41669
-5.41458
-5.41444
-5.41481
-5.41701
-5.41811
-5.41978
-5.41771
-5.42038
-5.41854585
-5.4198
-5.41966
-5.42036
-5.42215
-5.4202
-5.42076
-5.42111
-5.41856
-5.41874
-5.41811286
-5.41843
-5.41653
-5.4167
-5.41749
-5.41764
-5.41758
-5.4168
-5.41731
-5.41849
-5.41784465
-5.42003
-5.41935
-5.41677
-5.4176
-5.41896
-5.41872
-5.41689
-5.41615
-5.41599
-5.41582674
-5.41728
-5.41555
-5.41429
-5.41815
-5.41849
-5.42107
-5.42144
-5.42378
-5.42169
-5.42087404
-5.42079
-5.42033
-5.41943
-5.41924
-5.41633
-5.41468
-5.41445
-5.41514
-5.41487
-5.41616783
-5.41817
-5.41734
-5.41858
-5.4197
-5.42063
-5.42038
-5.42194
-5.42057
-5.41995
-5.41760874
-5.41624
-5.41463
-5.41642
-5.41519
-5.41294
-5.41453
-5.41603
-5.41478
-5.41751
-5.41764301
-5.42097
-5.42195
-5.42156
-5.41723
-5.41576
-5.41464
-5.4142
-5.41507
-5.41526
-5.41730330
-5.41636
-5.41672
-5.41591
-5.41751
-5.42054
-5.42228
-5.4213
-5.42299
-5.42243
-5.42317927
-5.42077
-5.41792
-5.41671
-5.41662
-5.41709
-5.41623
-5.41624
-5.41705
-5.41529
-5.41442301
-5.41573
-5.41149
-5.41248
-5.41066
-5.4099
-5.40987
-5.41025
-5.41234
-5.41291
-5.41389172
-5.41679
-5.41893
-5.41957
-5.41901
-5.41953
-5.41925
-5.41985
-5.4185
-5.41655
-5.41697311
-5.41684
-5.4171
-5.418
-5.41718
-5.41652
-5.41534
-5.41724
-5.41584
-5.41613
-5.41443474
-5.41322
-5.41324
-5.41281
-5.41494
-5.41538
-5.4177
-5.41748
-5.41792
-5.41919
-5.41765313
-5.419
-5.41877
-5.41667
-5.4159
-5.41686
-5.41376
-5.41412
-5.41311
-5.41433
-5.41550466
-5.41851
-5.42059
-5.4203
-5.41918
-5.41956
-5.42025
-5.41869
-5.41936
-5.41793
-5.41692167
-5.4157
-5.41403
-5.41304
-5.41508
-5.41632
-5.4167
-5.41743
-5.41553
-5.41682
-5.41681954
-5.41528
-5.41545
-5.41926
-5.4201
-5.42046
-5.41961
-5.41856
-5.41768
-5.41996
-5.42026824
-5.42253
-5.42094
-5.41783
-5.41876
-5.41664
-5.41443
-5.41642
-5.41785
-5.41844
-5.42120828
-5.42124
-5.42273
-5.42209
-5.42236
-5.42372
-5.42371
-5.42499
-5.42399
-5.4223
-5.42212746
-5.42087
-5.41852
-5.41577
-5.41623
-5.4171
-5.41626
-5.4155
-5.41429
-5.41494
-5.41736514
-5.42002
-5.42091
-5.42193
-5.42057
-5.42199
-5.42155
-5.41829
-5.41646
-5.41761
-5.41468205
