9.84182
9.83226
9.84106
9.86906
9.90786
9.94286
9.96441
9.96921
9.94684
9.9008029
9.8513
9.80097
9.76617
9.74495
9.7431
9.74828
9.74843
9.737
9.71824
9.6860716
9.64443
9.59452
9.5473
9.4915
9.44381
9.39848
9.35871
9.3251
9.29865
9.2885669
9.28874
9.3
9.32249
9.36306
9.42672
9.51116
9.61937
9.74419
9.8711
9.9923877
10.0905
10.1537
10.1827
10.1752
10.1454
10.0964
10.0266
9.93651
9.82662
9.7045421
9.59874
9.51348
9.46557
9.46324
9.51298
9.60727
9.73647
9.8881
10.0375
10.1698625
10.2807
10.3472
10.3739
10.3636
10.317
10.2446
10.157
10.0615
9.95677
9.8598235
9.77709
9.7104
9.66382
9.64352
9.64761
9.66901
9.70566
9.74316
9.7749
9.7986236
9.81473
9.80377
9.78171
9.74216
9.69295
9.64113
9.59691
9.55391
9.52358
9.4967463
9.48454
9.48886
9.50537
9.53711
9.57562
9.62855
9.67838
9.71118
9.73188
9.7349886
9.72817
9.71642
9.69589
9.67164
9.64347
9.61128
9.57499
9.5307
9.48937
9.4555127
9.42954
9.42689
9.43859
9.48368
9.54698
9.62144
9.69484
9.76525
9.82632
9.8784016
9.93669
10.0124
10.0907
10.1792
10.2729
10.3543
10.4015
10.4014
10.3537
10.2576850
10.1326
9.98637
9.85039
9.73792
9.64889
9.58777
9.54123
9.50511
9.48074
9.4682373
9.47605
9.51242
9.57923
9.69003
9.84242
10.0297
10.239
10.4329
10.5706
10.6109240
10.5316
10.34
10.0509
9.70529
9.3501
9.02598
8.75407
8.561
8.4526
8.4291606
8.47577
8.58552
8.75051
8.95051
9.16993
9.38066
9.56755
9.72159
9.8374
9.9149861
9.95859
9.98909
10.0077
10.017
10.0168
10.0036
9.97904
9.93169
9.87587
9.8163350
9.75756
9.71469
9.70265
9.72257
9.77864
9.86318
9.97412
10.0894
10.2034
10.3078596
10.3892
10.4446
10.4749
10.4744
10.4547
10.4127
10.3517
10.2744
10.1819
10.0860692
9.99311
9.89667
9.80468
9.70799
9.62222
9.55262
9.49993
9.4639
9.44966
9.4537772
9.47643
9.50125
9.51006
9.51315
9.50808
9.49141
9.48001
9.46618
9.45776
9.4451200
9.42063
9.38184
9.32804
9.27787
9.23058
9.20239
9.20217
9.24089
9.30567
9.3977862
9.49881
9.5993
9.69431
9.78011
9.85441
9.91221
9.96071
9.99249
10.0124
10.0268334
10.0293
10.0267
10.0148
9.9951
9.96078
9.91252
9.85971
9.80544
9.75207
9.7186421
9.69923
9.69368
9.7082
9.74091
9.78924
9.85868
9.93383
10.0153
10.0968
10.1729584
10.2334
10.2837
10.3267
10.3418
10.3291
10.282
10.2084
10.1169
10.0244
9.9306607
9.83991
9.75855
9.69208
9.63713
9.59588
9.57508
9.57638
9.6044
9.64052
9.6810790
9.72079
9.74107
9.7304
9.69039
9.62956
9.55394
9.48426
9.4334
9.40183
9.3947431
9.39855
9.40657
9.41024
9.39346
9.35191
9.30664
9.26021
9.21775
9.19455
9.2054196
9.23807
9.30287
9.38593
9.47909
9.57094
9.65027
9.71292
9.76119
9.7876
9.7941228
9.79174
9.77789
9.75058
9.72172
9.7007
9.70914
9.75461
9.8322
9.93115
10.0401291
10.1448
10.2287
10.2949
10.3532
10.3945
10.419
10.4132
10.3796
10.311
10.2014843
10.0573
9.90049
9.74264
9.60466
9.49313
9.4079
9.35815
9.34296
9.36839
9.4200450
9.50173
9.6136
9.74749
9.89169
10.0327
10.1523
10.2318
10.2665
10.2505
10.1899668
10.0952
9.96998
9.83017
9.68036
9.53554
9.40564
9.30265
9.24122
9.20834
9.2106640
9.23759
9.27906
9.32384
9.3662
9.40213
9.42264
9.43921
9.45152
9.47074
9.4933324
9.53172
9.57369
9.62106
9.6693
9.71613
9.75434
9.79084
9.82803
9.86393
9.8989646
9.92516
9.92667
9.89585
9.8436
9.77373
9.69948
9.63496
9.58681
9.5656
9.5624883
9.56971
9.59065
9.62749
9.67895
9.74118
9.81448
9.89663
9.97641
10.0504
10.1121234
10.1655
10.2027
10.2219
10.2241
10.2181
10.2038
10.1752
10.1405
10.0978
10.0387352
9.97135
9.89501
9.812
9.72416
9.62954
9.54394
9.47297
9.42356
9.41087
9.4316828
9.4975
9.59446
9.71323
9.82657
9.90789
9.95373
9.9514
9.91003
9.83506
9.7445107
9.65432
9.57301
9.51426
9.47545
9.44746
9.42431
9.41251
9.40521
9.40685
9.4286420
9.46159
9.50821
9.56428
9.6192
9.65899
9.68822
9.69889
9.71139
9.72899
9.7555908
9.80261
9.85568
9.91762
9.97902
10.0415
10.0868
10.1127
10.1132
10.08
10.0205914
9.93994
9.84267
9.74604
9.64554
9.56127
9.48818
9.422
9.3715
9.32575
9.2778270
9.23319
9.18621
9.14764
9.12279
9.12499
9.16233
9.2414
9.36707
9.53369
9.7274744
9.92695
10.1152
10.2711
10.3871
10.4632
10.5031
10.5079
10.4772
10.4212
10.3378952
10.2236
10.087
9.9494
9.81389
9.70105
9.61843
9.57751
9.5745
9.60589
9.6680825
9.74736
9.82424
9.8904
9.93732
9.96542
9.98076
9.97537
9.95594
9.92528
9.8827204
9.82011
9.74432
9.65862
9.58119
9.51463
9.47346
9.46401
9.47819
9.53107
9.6092553
9.70485
9.80339
9.88606
9.94919
9.97962
9.97992
9.95188
9.90275
9.83827
9.7686280
9.69739
9.64657
9.60585
9.5801
9.56833
9.57289
9.57408
9.57072
9.55658
9.5302543
9.49255
9.4491
9.42627
9.43492
9.48529
9.56954
9.68068
9.79418
9.89594
9.9690517
10.0086
10.0198
9.9906
9.92526
9.83809
9.74908
9.66708
9.61276
9.59733
9.6079360
9.64967
9.70295
9.76417
9.81909
9.86766
9.90704
9.93868
9.96633
9.99453
10.0129259
10.0234
10.0157
9.99201
9.95669
9.92102
9.87516
9.81813
9.74172
9.64515
9.5327429
9.41568
9.31244
9.24394
9.22016
9.23486
9.27487
9.3331
9.39798
9.46131
9.5205855
9.59243
9.66621
9.74865
9.83597
9.91337
9.97626
10.0249
10.057
10.0646
10.0565248
10.0255
9.97647
9.90728
9.81127
9.68976
9.56504
9.44608
9.34745
9.28642
9.2743826
9.31847
9.40168
9.50913
9.63787
9.76609
9.87743
9.96116
10.01
10.0248
10.0185889
9.99262
9.95287
9.91287
9.87919
9.84962
9.83208
9.83317
9.85989
9.90904
9.9858456
10.09
10.2175
10.3443
10.4648
10.5454
10.5819
10.5492
10.4475
10.2878
10.0949819
9.88574
9.69054
9.52371
9.40678
9.34361
9.32929
9.34591
9.38384
9.43111
9.4786454
9.5188
9.55041
9.57597
9.60113
9.61663
9.62509
9.61969
9.61108
9.58789
9.5617366
9.5294
9.50037
9.47821
9.48035
9.49881
9.54541
9.60799
9.68514
9.76775
9.8446452
9.911
9.94893
9.95498
9.9302
9.87931
9.82008
9.75986
9.70462
9.66034
9.6272870
9.60142
9.5829
9.57797
9.5964
9.64057
9.70627
9.8053
9.925
10.0526
10.1724286
10.2599
10.3094
10.3047
10.2617
10.1951
10.1196
10.0493
9.99753
9.96798
9.9567964
9.96767
9.98489
9.99865
10.0135
10.0089
9.98473
9.93829
9.87043
9.79174
9.6994120
9.59944
9.50042
9.40687
9.31365
9.22433
9.14784
9.08526
9.04676
9.0385
9.0625039
9.1235
9.20609
9.30196
9.39998
9.48422
9.55948
9.61451
9.65939
9.68376
9.6845968
9.67102
9.64453
9.61807
9.60463
9.60908
9.63928
9.69459
9.76883
9.85252
9.9351826
10.0144
10.082
10.1457
10.1835
10.193
10.1732
10.1317
10.0737
9.99581
9.9114007
9.83422
9.77175
9.72852
9.72311
9.74562
9.7827
9.81623
9.83902
9.83633
9.8098978
9.78255
9.75957
9.74268
9.74265
9.74616
9.73956
9.74241
9.76332
9.82357
9.9348704
10.0749
10.2221
10.3393
10.4029
10.3934
10.3155
10.1777
10.0102
9.81665
9.6349961
9.46011
9.30904
9.1833
9.09033
9.04932
9.052
9.10234
9.19492
9.29842
9.3985659
9.47346
9.52175
9.53776
9.53721
9.5381
9.55139
9.58485
9.63632
9.70663
9.7980576
9.89226
9.98769
10.0657
10.1027
10.1035
10.0816
10.05
10.0135
9.97896
9.9494948
9.92181
9.90567
9.88911
9.85299
9.80255
9.71148
9.58277
9.41367
9.23823
9.0721233
8.94457
8.87907
8.88654
8.96517
9.11559
9.31671
9.54979
9.79054
10.0131
10.1825195
10.2785
10.298
10.2335
10.1046
9.93385
9.7482
9.56447
9.4125
9.29839
9.2359884
9.22245
9.25857
9.33066
9.4434
9.58049
9.71796
9.85199
9.97843
10.0764
10.1576018
10.2102
10.2487
10.2744
10.2964
10.3023
10.2985
10.2837
10.2555
10.2192
10.1722061
10.1288
10.0807
10.0303
9.9635
9.87603
9.77113
9.6549
9.52436
9.40297
9.2971674
9.22945
9.20242
9.21424
9.26262
9.34021
9.43965
9.54448
9.64617
9.74799
9.8430561
9.93164
10.0327
10.1218
10.2125
10.2911
10.3537
10.397
10.4135
10.4054
10.3646695
10.2874
10.1834
10.0622
9.93363
9.80362
9.68547
9.58178
9.50151
9.44099
9.3906710
9.35269
9.3215
9.29538
9.28178
9.282
9.30487
9.34939
9.4336
9.54522
9.6831393
9.82397
9.94161
10.0146
10.0185
9.95809
9.83633
9.68634
9.52986
9.39194
9.2967620
9.2386
9.2276
9.26267
9.33442
9.43835
9.58062
9.73568
9.90231
10.0595
10.1985587
10.3041
10.3759
10.4186
10.435
10.4265
10.3992
10.3589
10.2967
10.2266
10.1519786
10.0839
10.03
9.98957
9.95377
9.92441
9.89519
9.85999
9.82546
9.78076
9.7364275
9.69119
9.63421
9.55826
9.47839
9.39521
9.32019
9.26198
9.2287
9.21982
9.2493613
9.30923
9.41048
9.54385
9.69046
9.85652
10.0243
10.171
10.2898
10.3617
10.3648305
10.3082
10.1974
10.0626
9.91733
9.77438
9.64604
9.52938
9.43357
9.35745
9.3002768
9.27314
9.28163
9.32863
9.40801
9.52383
9.67266
9.83563
9.9922
10.1122
10.1724960
10.1608
10.0799
9.94088
9.77851
9.6163
9.49466
9.43342
9.42548
9.45567
9.5203197
