1.20005
1.20289
1.20182
1.19659
1.18841
1.17971
1.17339
1.17184
1.17607
1.1853437
1.19744
1.20943
1.21892
1.22472
1.22711
1.22746
1.22767
1.22936
1.2335
1.2402269
1.24898
1.25884
1.26892
1.27862
1.28755
1.29558
1.30241
1.30769
1.31113
1.3127178
1.31257
1.31064
1.30649
1.29922
1.28773
1.2712
1.24957
1.22392
1.19664
1.1709682
1.15008
1.13609
1.12955
1.12958
1.13473
1.14424
1.15819
1.17694
1.19977
1.2244945
1.24795
1.26677
1.27804
1.2797
1.27095
1.25252
1.22645
1.1959
1.1646
1.1362209
1.11374
1.09908
1.09298
1.09507
1.10418
1.11868
1.13689
1.15734
1.17874
1.1998302
1.21914
1.23502
1.24592
1.25105
1.25065
1.24584
1.23825
1.22957
1.22143
1.2151080
1.21149
1.21104
1.21395
1.22001
1.22861
1.23842
1.2478
1.25549
1.26103
1.2645649
1.26627
1.26602
1.26333
1.25791
1.25007
1.24096
1.23236
1.22608
1.22335
1.2243408
1.22833
1.23399
1.24008
1.24599
1.25171
1.25768
1.26427
1.2715
1.27894
1.2857036
1.29046
1.29177
1.2885
1.28019
1.26758
1.25243
1.23717
1.22393
1.2134
1.2045129
1.19499
1.18274
1.1668
1.14755
1.12703
1.1084
1.09542
1.09143
1.09835
1.1158338
1.14115
1.16988
1.1973
1.21999
1.23679
1.24852
1.25697
1.26366
1.26908
1.2727062
1.27316
1.26852
1.25675
1.23625
1.20628
1.16766
1.12369
1.08067
1.04756
1.0336299
1.0451
1.08303
1.143
1.21636
1.29286
1.36332
1.4213
1.46314
1.48752
1.4947283
1.48616
1.46401
1.43099
1.39051
1.34657
1.30332
1.26455
1.23289
1.20938
1.1935059
1.18357
1.17749
1.17348
1.17058
1.16886
1.16932
1.173
1.18038
1.19102
1.2032864
1.2149
1.22344
1.227
1.22422
1.21464
1.19868
1.17763
1.15373
1.12965
1.1081429
1.09118
1.07975
1.0739
1.0733
1.07752
1.08635
1.0996
1.11664
1.13604
1.1560880
1.17562
1.19453
1.21324
1.23199
1.25016
1.26626
1.27868
1.28629
1.28892
1.2875891
1.28416
1.2807
1.279
1.27985
1.28308
1.28772
1.29247
1.29623
1.29871
1.3007204
1.30379
1.30929
1.31746
1.32704
1.33558
1.34037
1.33922
1.33116
1.31656
1.2970820
1.27516
1.25339
1.23369
1.21687
1.20289
1.19145
1.18262
1.17661
1.1733
1.1719460
1.17161
1.17192
1.17341
1.17698
1.18324
1.19194
1.20193
1.21174
1.22009
1.2261143
1.22927
1.22933
1.22608
1.21941
1.20947
1.19672
1.18205
1.16652
1.15117
1.1367286
1.12353
1.11197
1.10309
1.0985
1.09972
1.1073
1.12037
1.13702
1.15519
1.1732825
1.1904
1.20604
1.21994
1.23171
1.24076
1.24633
1.2477
1.24469
1.23798
1.2293315
1.22153
1.2176
1.21992
1.22933
1.24437
1.26184
1.27789
1.28959
1.29577
1.2970111
1.29492
1.29173
1.28978
1.29115
1.29699
1.30666
1.3179
1.32761
1.33327
1.3333986
1.32749
1.31588
1.29984
1.28164
1.26385
1.24848
1.23665
1.2285
1.22349
1.2209423
1.22048
1.22226
1.22638
1.23165
1.23495
1.23259
1.22249
1.20506
1.1829
1.1592973
1.13708
1.11793
1.1024
1.09032
1.08138
1.07584
1.07485
1.08019
1.09355
1.1153746
1.1441
1.17653
1.20891
1.238
1.2616
1.27862
1.2887
1.29202
1.28888
1.2794969
1.264
1.24279
1.21682
1.18812
1.1599
1.13583
1.11928
1.1124
1.11561
1.1280319
1.14804
1.17371
1.20292
1.23348
1.26312
1.28946
1.31039
1.32437
1.3308
1.3301334
1.32387
1.31424
1.30357
1.29393
1.28671
1.28241
1.28044
1.27925
1.27704
1.2725231
1.26545
1.25663
1.24729
1.23849
1.23083
1.2242
1.21792
1.21111
1.20339
1.1953586
1.18885
1.1864
1.19008
1.20001
1.21409
1.22901
1.2419
1.25108
1.25619
1.2576047
1.25599
1.25175
1.24507
1.23586
1.22412
1.21007
1.19446
1.17853
1.16368
1.1511203
1.14158
1.13536
1.13227
1.13179
1.13314
1.13563
1.13905
1.14367
1.15003
1.1587262
1.17007
1.18392
1.19979
1.21693
1.23449
1.25151
1.26657
1.27778
1.28283
1.2795995
1.26737
1.24743
1.22311
1.19908
1.18006
1.16951
1.16886
1.17749
1.19322
1.2129609
1.23335
1.2515
1.26568
1.27564
1.28231
1.2871
1.29098
1.29396
1.29492
1.2923775
1.2854
1.27433
1.26077
1.24716
1.23578
1.22776
1.22274
1.21918
1.21489
1.2081559
1.19829
1.18564
1.17135
1.15698
1.14423
1.13484
1.13039
1.13208
1.14038
1.1549037
1.17448
1.19711
1.22042
1.24232
1.2615
1.2774
1.29023
1.30065
1.30956
1.3178826
1.3261
1.3342
1.34154
1.34668
1.34756
1.34188
1.32764
1.30385
1.27129
1.2325292
1.1917
1.15343
1.12153
1.0979
1.0826
1.07472
1.07332
1.07793
1.08844
1.1046863
1.12622
1.15201
1.18002
1.20734
1.23082
1.24772
1.25645
1.25665
1.24927
1.2364230
1.22084
1.20535
1.19216
1.18259
1.17707
1.17532
1.17678
1.18096
1.18763
1.1969788
1.20924
1.22427
1.24101
1.25752
1.27149
1.28086
1.28429
1.28122
1.27187
1.2571519
1.23891
1.2198
1.20288
1.19075
1.18483
1.18519
1.191
1.20091
1.21339
1.2268042
1.23943
1.24969
1.25637
1.25908
1.25841
1.25587
1.25321
1.25225
1.25431
1.2599619
1.26854
1.27777
1.28402
1.2836
1.27451
1.25724
1.23465
1.21065
1.18895
1.1722301
1.16221
1.15987
1.16555
1.1785
1.19656
1.21631
1.2341
1.2468
1.25261
1.2511470
1.24338
1.23139
1.21785
1.20525
1.19492
1.18684
1.18007
1.17372
1.16775
1.1629952
1.16077
1.16184
1.16596
1.17219
1.17963
1.18837
1.19967
1.21533
1.23641
1.2619747
1.28881
1.31263
1.32962
1.33783
1.33743
1.33033
1.31919
1.30658
1.29391
1.2813442
1.26798
1.2527
1.2352
1.21658
1.19872
1.18351
1.17202
1.16445
1.16057
1.1602265
1.16364
1.17142
1.18429
1.20271
1.22614
1.25267
1.27892
1.30085
1.31489
1.3189475
1.31253
1.29679
1.27417
1.24789
1.22152
1.19823
1.18036
1.16902
1.16422
1.1650256
1.16974
1.17624
1.18254
1.18754
1.191
1.19283
1.19234
1.18832
1.17933
1.1646286
1.14446
1.12005
1.09375
1.06916
1.05077
1.0431
1.04927
1.07007
1.10352
1.1454776
1.19054
1.23316
1.2686
1.29379
1.30766
1.31127
1.30733
1.29925
1.29002
1.2814541
1.27416
1.26803
1.26278
1.2583
1.25471
1.25243
1.25199
1.25384
1.25819
1.2646844
1.2723
1.27947
1.28445
1.28577
1.2826
1.27466
1.26225
1.2462
1.22798
1.2097649
1.19415
1.18367
1.17997
1.18316
1.19165
1.20281
1.21421
1.22441
1.23298
1.2400232
1.2457
1.24977
1.2515
1.24976
1.24325
1.23097
1.21255
1.18906
1.16302
1.1382692
1.11907
1.10896
1.10952
1.11961
1.13586
1.1538
1.16942
1.1803
1.18573
1.1862325
1.18312
1.17788
1.17207
1.16731
1.16539
1.16782
1.1755
1.18823
1.20476
1.2235183
1.24311
1.2627
1.28193
1.30065
1.31847
1.33465
1.34793
1.35672
1.35944
1.3550764
1.34373
1.32684
1.307
1.2872
1.2698
1.25586
1.24545
1.23868
1.23588
1.2372733
1.24237
1.24963
1.25683
1.26152
1.26161
1.25589
1.24439
1.22849
1.21022
1.1913395
1.17296
1.15597
1.1417
1.13179
1.12757
1.12947
1.13708
1.14963
1.16596
1.1844195
1.20246
1.21699
1.22542
1.22671
1.22176
1.21326
1.20468
1.1991
1.19822
1.2017867
1.20767
1.21294
1.21545
1.21546
1.21544
1.21768
1.22087
1.22017
1.21067
1.1907870
1.16313
1.13337
1.1083
1.09406
1.09445
1.11004
1.1382
1.1743
1.21351
1.2520345
1.28769
1.31922
1.34556
1.3651
1.37577
1.37612
1.3662
1.34822
1.32623
1.3050832
1.28888
1.27957
1.27645
1.27669
1.27682
1.27418
1.2673
1.25574
1.23965
1.2195943
1.1973
1.17585
1.15908
1.14986
1.14858
1.15314
1.16036
1.16766
1.17367
1.1780476
1.18078
1.18204
1.18273
1.18488
1.19168
1.20658
1.23161
1.26571
1.30471
1.3423922
1.37245
1.39005
1.39266
1.37992
1.35313
1.31467
1.2681
1.21859
1.1725
1.1363108
1.11502
1.11116
1.12424
1.15106
1.18678
1.22607
1.26399
1.29644
1.32058
1.3347362
1.33832
1.33179
1.31633
1.29384
1.26674
1.23789
1.20985
1.1847
1.16372
1.1473647
1.13539
1.12721
1.12204
1.11915
1.118
1.11843
1.12073
1.12525
1.1319
1.1400544
1.14884
1.15786
1.16772
1.17985
1.19575
1.21614
1.2405
1.26697
1.29278
1.3147971
1.33016
1.33699
1.33472
1.32414
1.30722
1.28661
1.26495
1.2442
1.22524
1.2077842
1.19091
1.1739
1.15678
1.14028
1.12544
1.11316
1.10415
1.0993
1.09965
1.1061927
1.11924
1.13816
1.16137
1.18675
1.21203
1.23532
1.25532
1.27147
1.28401
1.2937106
1.30161
1.30857
1.31492
1.32011
1.32289
1.32137
1.31379
1.29889
1.27663
1.2486819
1.2188
1.19235
1.17509
1.1713
1.1823
1.20598
1.23724
1.26976
1.29791
1.3181831
1.32929
1.33141
1.32511
1.31092
1.28951
1.26217
1.23065
1.19733
1.16491
1.1362907
1.114
1.09946
1.09241
1.09134
1.09467
1.10165
1.11237
1.12681
1.1441
1.1622716
1.179
1.19255
1.20245
1.20941
1.21488
1.22033
1.22658
1.23353
1.24064
1.2476458
1.25498
1.26354
1.27426
1.28732
1.30166
1.31526
1.32593
1.33183
1.33177
1.3251905
1.31199
1.29234
1.26694
1.23702
1.20427
1.17078
1.13922
1.11316
1.09703
1.0945854
1.10657
1.12978
1.15903
1.18967
1.21872
1.24478
1.26744
1.2867
1.30232
1.3135424
1.31931
1.31838
1.30973
1.29286
1.26794
1.2365
1.20158
1.16784
1.14082
1.1258656
1.12671
1.14409
1.17481
1.2123
1.24873
1.27713
1.29332
1.29669
1.28989
1.2772461
