0.800032
0.801927
0.801216
0.797726
0.792276
0.786472
0.782259
0.781226
0.784046
0.7902291
0.798293
0.806286
0.812612
0.816482
0.818073
0.818308
0.818446
0.819571
0.822334
0.8268179
0.832651
0.839224
0.845945
0.852415
0.858369
0.86372
0.868274
0.871794
0.874089
0.8751452
0.875048
0.873758
0.870994
0.866148
0.858489
0.847465
0.833045
0.815949
0.797762
0.7806455
0.766723
0.757393
0.75303
0.753052
0.756486
0.762823
0.772129
0.784626
0.799847
0.8163296
0.831965
0.844516
0.852024
0.853135
0.847303
0.835014
0.817636
0.797266
0.7764
0.7574806
0.74249
0.732719
0.728657
0.730048
0.736119
0.745784
0.757929
0.771563
0.785826
0.7998868
0.812762
0.823345
0.830614
0.834036
0.833769
0.830563
0.825497
0.819713
0.814284
0.8100720
0.807663
0.80736
0.809297
0.813337
0.81907
0.825612
0.831868
0.836992
0.840689
0.8430433
0.844183
0.844014
0.842218
0.838608
0.833381
0.827306
0.821572
0.817386
0.815565
0.8162272
0.818884
0.822657
0.826721
0.830658
0.834471
0.838457
0.842849
0.847665
0.852626
0.8571358
0.860307
0.861178
0.859
0.853462
0.845052
0.834955
0.824783
0.815954
0.808936
0.8030086
0.79666
0.788491
0.777865
0.765036
0.751354
0.738936
0.730279
0.72762
0.732234
0.7438892
0.760769
0.779919
0.7982
0.813324
0.824527
0.832344
0.837981
0.842438
0.846057
0.8484708
0.848772
0.845678
0.837833
0.824167
0.804186
0.778439
0.749125
0.720446
0.698373
0.6890866
0.696737
0.722023
0.761999
0.810908
0.861907
0.908879
0.947532
0.975427
0.991678
0.9964856
0.990776
0.976005
0.953991
0.927006
0.897713
0.868882
0.843035
0.821927
0.806251
0.7956706
0.789048
0.784991
0.782318
0.780385
0.77924
0.779548
0.781999
0.786923
0.794014
0.8021909
0.809931
0.815627
0.817998
0.816148
0.809763
0.799117
0.785087
0.76915
0.753097
0.7387619
0.727455
0.719834
0.715935
0.71553
0.718349
0.724231
0.733066
0.744426
0.75736
0.7707254
0.783744
0.796353
0.80883
0.82133
0.833439
0.844176
0.852452
0.857525
0.859277
0.8583927
0.856104
0.853803
0.852666
0.853233
0.855389
0.858482
0.861646
0.864152
0.865809
0.8671469
0.869195
0.872861
0.87831
0.884691
0.890389
0.893582
0.892811
0.887437
0.877708
0.8647213
0.850105
0.835594
0.822458
0.811249
0.801926
0.794302
0.788412
0.784406
0.782198
0.7812973
0.781073
0.78128
0.782271
0.784655
0.788826
0.794626
0.801284
0.807829
0.813396
0.8174095
0.819514
0.819554
0.817387
0.812939
0.806314
0.797814
0.788035
0.77768
0.767449
0.7578191
0.749023
0.741315
0.735396
0.732331
0.733144
0.738201
0.746916
0.758016
0.770127
0.7821884
0.793601
0.804029
0.813293
0.821137
0.827175
0.830888
0.831803
0.829794
0.825321
0.8195543
0.81435
0.811735
0.813282
0.819551
0.829582
0.841227
0.851926
0.85973
0.863849
0.8646741
0.863283
0.861152
0.859852
0.860769
0.864663
0.871108
0.878599
0.885076
0.888849
0.8889324
0.884994
0.877254
0.866562
0.854429
0.842568
0.832322
0.824436
0.819001
0.815659
0.8139615
0.813655
0.814839
0.817586
0.821101
0.823301
0.821729
0.814992
0.803373
0.788601
0.7728649
0.758054
0.745287
0.734931
0.726879
0.720921
0.71723
0.716564
0.720126
0.72903
0.7435831
0.762733
0.784356
0.805941
0.82533
0.841069
0.852414
0.859132
0.861347
0.859251
0.8529979
0.84267
0.828529
0.811212
0.792083
0.773267
0.757219
0.746185
0.7416
0.743741
0.7520212
0.765358
0.782474
0.801946
0.822319
0.842079
0.859639
0.873592
0.882912
0.887199
0.8867556
0.882578
0.876163
0.869043
0.862618
0.857809
0.85494
0.853625
0.852831
0.851359
0.8483487
0.843632
0.837755
0.831526
0.825657
0.820553
0.816132
0.811948
0.807409
0.80226
0.7969058
0.792565
0.79093
0.793387
0.80001
0.809396
0.819341
0.827933
0.834056
0.837459
0.8384031
0.837326
0.8345
0.830047
0.82391
0.81608
0.806713
0.796308
0.785686
0.775786
0.7674136
0.761054
0.756908
0.754848
0.75453
0.755425
0.75709
0.759369
0.762444
0.766686
0.7724841
0.780046
0.789282
0.799858
0.811286
0.822995
0.834337
0.84438
0.851856
0.855223
0.8530663
0.844913
0.831618
0.815407
0.799387
0.786708
0.779673
0.779237
0.78499
0.795482
0.8086406
0.822235
0.834335
0.843789
0.850428
0.854875
0.858065
0.860654
0.862642
0.863279
0.8615850
0.856936
0.849556
0.840513
0.83144
0.823852
0.818505
0.815161
0.812789
0.809927
0.8054373
0.798862
0.790426
0.780903
0.77132
0.762823
0.756561
0.753592
0.754723
0.760254
0.7699358
0.782985
0.798071
0.813613
0.828216
0.841002
0.851602
0.860154
0.867097
0.873043
0.8785884
0.884064
0.889468
0.894358
0.897785
0.898372
0.894583
0.885091
0.869236
0.847524
0.8216861
0.794468
0.768955
0.747684
0.731931
0.721734
0.716477
0.715545
0.718623
0.725626
0.7364575
0.750816
0.768009
0.786682
0.804892
0.820545
0.831816
0.837632
0.837764
0.832844
0.8242820
0.813896
0.803567
0.794772
0.788395
0.784712
0.783546
0.78452
0.787304
0.791757
0.7979859
0.80616
0.816178
0.82734
0.838349
0.847658
0.853908
0.856192
0.854145
0.847913
0.8381013
0.825942
0.813203
0.801917
0.79383
0.789889
0.790129
0.794002
0.800605
0.80893
0.8178695
0.826289
0.833128
0.837582
0.839387
0.838941
0.837244
0.835474
0.834836
0.836205
0.8399746
0.845694
0.851846
0.856011
0.855732
0.849674
0.838162
0.823101
0.807103
0.792636
0.7814867
0.774807
0.773246
0.777036
0.78567
0.797704
0.810873
0.822735
0.831199
0.835071
0.8340980
0.828921
0.820926
0.8119
0.803503
0.796613
0.791224
0.786716
0.782483
0.778497
0.7753301
0.773849
0.774561
0.777307
0.781458
0.786419
0.792248
0.799781
0.810221
0.824273
0.8413165
0.859207
0.875084
0.886415
0.891886
0.891623
0.886887
0.879463
0.871051
0.862605
0.8542295
0.84532
0.83513
0.823465
0.811055
0.799147
0.789006
0.78135
0.776299
0.773714
0.7734844
0.775762
0.780947
0.789528
0.801806
0.817428
0.835115
0.852615
0.867232
0.876593
0.8792983
0.875018
0.864529
0.849444
0.831925
0.814344
0.798821
0.786909
0.779345
0.776146
0.7766838
0.779827
0.78416
0.788361
0.791695
0.793997
0.79522
0.794894
0.79221
0.786218
0.7764191
0.762976
0.746702
0.72917
0.712776
0.700515
0.695397
0.699514
0.71338
0.73568
0.7636517
0.793696
0.822107
0.845732
0.862524
0.871775
0.874178
0.871556
0.866169
0.860012
0.8543027
0.849439
0.845351
0.841853
0.838865
0.83647
0.834951
0.834663
0.835894
0.838796
0.8431229
0.848198
0.852983
0.856303
0.857181
0.855066
0.849775
0.841498
0.830798
0.818652
0.8065099
0.796103
0.789111
0.786646
0.788772
0.794434
0.801872
0.809473
0.816276
0.821987
0.8266821
0.830465
0.833178
0.834332
0.833173
0.828835
0.820646
0.80837
0.792705
0.775348
0.7588461
0.746049
0.739306
0.739678
0.746409
0.757237
0.7692
0.779611
0.786868
0.790483
0.7908217
0.788749
0.785255
0.781381
0.778208
0.776925
0.778547
0.783668
0.79215
0.803173
0.8156789
0.828741
0.841799
0.854622
0.867098
0.878981
0.889765
0.898622
0.904478
0.906294
0.9033843
0.895819
0.884559
0.871331
0.858131
0.846531
0.837238
0.830303
0.825789
0.823917
0.8248488
0.828246
0.83309
0.837889
0.841015
0.841076
0.837257
0.829592
0.818992
0.80681
0.7942263
0.781976
0.770648
0.761131
0.754526
0.751717
0.752979
0.758056
0.766417
0.777306
0.7896130
0.801639
0.811328
0.816947
0.817804
0.814507
0.80884
0.803122
0.7994
0.798815
0.8011911
0.805116
0.808625
0.810299
0.81031
0.810296
0.811785
0.813911
0.813445
0.807116
0.7938580
0.775421
0.755582
0.738869
0.72937
0.729635
0.740028
0.758797
0.782866
0.809004
0.8346896
0.858458
0.879479
0.89704
0.910066
0.917181
0.917411
0.910799
0.898816
0.884154
0.8700555
0.859255
0.853048
0.850967
0.851128
0.851212
0.849452
0.844865
0.837162
0.826431
0.8130629
0.798198
0.783901
0.772723
0.766574
0.765722
0.768758
0.773574
0.778441
0.782446
0.7853651
0.787189
0.788028
0.78849
0.789921
0.794451
0.804389
0.821071
0.843807
0.869809
0.8949281
0.914967
0.926697
0.928438
0.919947
0.902086
0.87645
0.8454
0.812393
0.781669
0.7575405
0.743346
0.740775
0.749494
0.767375
0.791186
0.817383
0.84266
0.864294
0.88039
0.8898242
0.892213
0.887862
0.877557
0.862557
0.844494
0.825263
0.806569
0.789798
0.775816
0.7649098
0.756928
0.751476
0.748027
0.746099
0.745333
0.745618
0.747156
0.750164
0.754598
0.7600363
0.76589
0.771907
0.778483
0.786568
0.797167
0.810761
0.827003
0.84465
0.861853
0.8765314
0.886774
0.891327
0.889813
0.882763
0.871483
0.857741
0.843301
0.829468
0.816825
0.8051895
0.793941
0.782598
0.771187
0.760189
0.750296
0.742105
0.736102
0.732867
0.733102
0.7374618
0.746163
0.758774
0.774247
0.791164
0.808022
0.823549
0.836882
0.847649
0.856008
0.8624737
0.867743
0.872381
0.876613
0.880075
0.881926
0.880912
0.875857
0.865924
0.851085
0.8324546
0.812534
0.794903
0.78339
0.780865
0.788202
0.803984
0.824828
0.846509
0.865276
0.8787888
0.886194
0.887608
0.883409
0.873946
0.859675
0.841445
0.820435
0.798218
0.776608
0.7575271
0.742667
0.732975
0.728275
0.727557
0.729777
0.734432
0.741578
0.751209
0.762734
0.7748477
0.786003
0.795032
0.801632
0.806271
0.809919
0.813556
0.817723
0.822354
0.827092
0.8317639
0.836652
0.84236
0.849508
0.858214
0.867772
0.87684
0.883951
0.88789
0.887848
0.8834604
0.874661
0.861559
0.84463
0.824683
0.802845
0.780523
0.759477
0.742107
0.731351
0.7297236
0.737711
0.753184
0.772687
0.793113
0.812478
0.829852
0.844963
0.857803
0.868212
0.8756949
0.879539
0.878923
0.873156
0.861907
0.845292
0.824333
0.801053
0.778558
0.760544
0.7505771
0.751143
0.762729
0.783204
0.8082
0.832489
0.851422
0.862212
0.864457
0.85993
0.8514974
