0.535579
-2.12193
-0.984074
0.466919
-0.00278405
-0.426439
-1.03921
-1.34586
-0.441495
15.4709
1.38405
0.410614
0.201804
2.78038
1.84336
-1.62439
1.46438
1.45505
-0.0274729
0.437022
0.443876
-0.272932
0.408287
0.0144962
-0.097754
-2.05673
0.774296
21.6333
28.3262
-0.0343527
0.0112744
0.13263
2.09295
0.0895539
6.23593
-2.27487
-0.569866
-1.38609
-4.17558
3.09152
0.0111888
16.0174
0.537535
-0.462521
-1.6329
-0.813395
-1.71329
4.67956
0.170967
0.475485
-0.808256
2.59645
0.869444
0.0489658
-1.99661
-2.75122
7.07108
-4.06442
0.457956
3.98809
-2.43102
3.01094
-0.203514
1.32369
25.5781
2.8638
0.606437
0.436863
0.137906
-3.28913
2.35844
0.912974
-0.154806
2.04116
1.88986
-4.94994
-0.817726
-0.705141
-0.468787
11.5073
9.2563
-2.55246
-5.1893
-0.0740382
-12.5131
-5.63379
0.769166
0.998994
0.750048
0.98845
7.54344
0.772318
2.74802
1.13804
5.26057
-0.870676
-0.380466
-0.397285
-1.17271
-3.11502
0.328662
-3.89226
1.58125
0.284437
-3.66674
-0.889633
170.402
-13.4775
-2.79226
-1.14468
-0.567106
-128.237
-2.04298
3.92884
-6.94268
-8.9958
0.119956
0.933543
-0.739379
-8.98842
4.51969
-2.13853
0.860639
-2.35427
-1.18839
-1.26901
0.413684
0.839355
6.51318
1.13243
-23.3186
-0.508501
-2.46359
-0.156386
0.597003
1.63902
-0.112193
1.15229
0.296238
6.84421
0.402418
1.05158
-0.491729
-2.15632
0.252188
0.201225
-2.57962
3.87751
7.61601
-0.305886
0.614769
-0.34422
0.234013
0.265585
0.652653
-1.01752
0.454558
1.05945
1.74122
4.8787
0.820769
-2.7096
1.46565
-0.221503
-1.97222
0.374611
-0.0178545
1.0488
0.629298
0.0607236
0.264967
0.048241
-0.165655
-2.42981
2.31321
-1.64812
1.16441
1.18001
0.162837
1.47069
0.501508
0.370109
-0.321806
-0.0864306
-1.11655
-0.709551
-1.25533
0.159836
-1.40609
-1.44892
-2.31425
-0.0373128
9.85014
4.40641
-0.0532113
-0.396999
0.460458
0.402088
16.9726
-0.725278
-1.90529
-0.234261
-1.38918
-0.392516
0.0161676
0.179624
6.87946
0.190879
3.68161
-0.778741
0.680831
0.456345
6.19651
-1.96251
-0.933675
1.41816
7.3975
-0.12826
-0.0379516
0.146767
0.0895648
-0.527093
0.542257
0.14223
25.9199
0.383341
0.258367
-0.293984
0.259379
-0.442797
-0.550711
0.596169
0.243317
3.24108
-1.03223
-0.780179
5.08206
1.42072
0.817275
-0.557658
-0.337886
-0.080701
-0.668219
-2.52894
-0.403077
-69.6703
-0.801056
-0.0419991
-0.240045
-48.6533
-0.814081
-0.033317
-1.5771
12.0863
3.30235
-0.972761
-0.209637
0.538602
0.841059
0.484362
-1.71214
-1.19328
1.28313
1.2548
0.27242
1.10699
-28.4661
1.44954
3.26616
-0.306756
206.677
-0.648452
3.70645
1.27838
14.4606
-2.37671
-0.280729
-1.51285
0.187168
-3.02057
-8.08086
-5.15666
0.332056
0.152099
-0.433349
-2.7901
1.69719
-1.64619
0.519833
-0.629863
3.95768
-0.806977
1.6114
0.387401
-0.985011
-3.07126
0.740445
-0.731155
-0.558452
-0.33787
1.24904
0.411584
-0.139292
2.08089
-0.153379
-0.450174
6.8465
-0.555972
-53.6823
-2.2934
-1.13538
-0.341777
-4.53321
0.493982
-68.5915
0.279996
-1.42013
-0.235373
-8.01778
0.247004
0.433207
-6.89273
0.665361
0.987022
-1.73828
-0.500887
2.86949
0.641316
0.266883
-0.349646
-0.471927
-1.15017
-1.24316
2.87549
-0.322265
-0.844763
-0.230437
3.0206
-4.94468
-1.55716
0.0896084
-0.587351
-0.198927
0.451408
1.32656
1.54432
-3.28447
-0.798341
0.100922
0.226785
-7.53697
0.541551
-0.670753
-2.10816
0.560315
5.84807
2.07379
0.813619
-9.44318
-11.3982
1.47876
1.19431
1.86006
0.276087
-1.53126
-0.643642
0.0590379
2.78364
-0.721903
6.0581
1.02411
-0.844153
8.08159
3.76283
-4.19862
-1.54722
-2.12588
-3.74998
-0.935341
0.24303
3.15581
-5.24576
3.39831
-7.52485
0.396169
0.440945
-0.400974
-2.3608
1.543
2.52472
0.376373
3.11748
0.0307168
8.58511
-0.092116
-6.27422
-0.670722
-0.633492
0.810775
0.745877
5.04641
2.59895
6.41787
1.17018
-6.44182
2.51799
0.627847
-2.0657
4.53358
-0.798485
4.73866
5.10543
3.21549
0.555343
0.0711969
1.25847
-0.536651
3.1638
0.511036
1.39216
-1.66863
0.451161
-0.486138
5.94791
0.846897
-54.8925
1.09757
2.52727
0.0188831
1.47814
0.443118
0.895736
0.0216493
0.314976
-0.143653
-0.503694
2.4886
-0.831625
2.08515
0.562773
0.513868
-2.01064
0.200189
-1.4181
0.509501
1.27814
-2.43245
0.773671
-0.261287
0.561735
2.62836
-0.359547
1.66625
8.18077
-0.279734
2.04866
1.55492
-10.3035
0.258208
-7.08803
-1.86026
-0.0786966
-0.788619
-6.15927
-0.263329
-1.73201
-1.35471
4.54841
-0.988378
-10.9412
0.341703
3.44252
-0.804081
2.14366
0.506247
0.977969
-0.0833831
-0.527178
-0.188124
-6.73297
-15.1603
-1.77681
0.620374
1.2758
0.820423
-146.736
2.80176
-1.08449
-0.423402
0.772962
-1.49787
6.75961
-2.45798
1.29252
-3.61734
4.35054
1.67874
4.62266
-1.15811
-0.89711
0.811916
-2.24493
5.11486
0.119212
5.19713
9.17904
0.0211971
-0.0484147
0.189476
1.23742
0.519927
-5.04292
-2.91494
0.360506
-0.151608
1.0258
-0.0345536
0.538429
-2.64987
-2.20175
2.7392
2.97355
0.196306
-9.50709
-0.615916
-1.23313
3.98506
-0.246642
-0.252007
0.58952
0.597111
0.0223635
11.8204
0.400432
-2.50653
15.4451
0.230086
-1.31845
-3.2382
-104.425
-0.892951
-0.62227
1.0435
-0.179157
25.0783
0.0305373
-5.46635
-21.8822
-1.98736
-4.41526
-0.0680052
-0.0434278
-2.27395
-0.608895
6.15199
-0.505549
-0.222641
4.27246
-4.44733
0.521649
-21.3885
0.981519
2.50978
-6.70022
1.60939
-0.285182
0.395587
-0.647197
-2.14503
-1.7724
3.51779
-0.133351
-2.81381
-0.44459
-0.92345
-1.16156
-4.43345
0.624707
2.77625
0.0772874
-0.450188
-1.0668
1.60709
0.489299
-0.255999
1.19909
5.52153
0.22767
-0.214658
-0.757595
1.1212
0.291807
4.93544
5.84274
0.533305
0.52436
0.303466
-0.0720578
0.143642
0.544002
2.59778
-0.824326
-1.31839
6.35624
-3.97531
-8.39468
2.11757
5.76268
-0.633913
0.286316
0.137207
-3.09975
-2.03731
-0.0129494
-2.88143
2.49864
-0.222697
-15.7949
1.03315
-0.117525
0.108339
0.206753
-2.98017
1.86915
0.704874
0.159546
3.73769
23.5688
-4.8707
2.27729
0.0514142
23.3589
-0.588478
-0.863223
0.266618
-2.43054
-0.726908
-9.32404
2.2162
-0.553655
-0.507522
1.79546
-2.00204
0.0689861
-0.089944
-1.16523
-1.07369
1.39582
8.10356
-0.306544
-2.35454
1.28927
0.00787363
-0.407336
0.0153511
-3.07156
-1.46198
-0.365875
-4.15348
0.385337
1.50381
0.610641
-3.42856
8.33746
-0.959055
1.0403
-0.673788
1.1905
0.115874
-0.352691
1.89861
0.564208
0.199934
-0.256774
-0.868098
-18.1803
5.84859
3.87685
-0.178738
-0.265366
1.54242
-3.73278
-0.778693
-0.0338939
1.57027
0.334112
-1.09937
1.12088
1.07656
-0.363932
-0.719045
0.205997
-0.556099
3.15688
0.485045
0.324509
1.2367
0.155421
-5.36198
1.57739
-0.203858
0.338666
205.809
-0.130766
6.3168
-0.596955
0.044852
0.969959
-0.0496657
-0.448805
1.51357
0.535186
0.983771
42.9572
-0.327191
2.87849
-1.48109
1.32945
4.96899
-0.89049
0.630467
-1.54604
3.54792
0.869055
3.29098
1.11785
-0.10683
-17.3717
-0.981673
-5.28573
1.3494
-25.3061
0.219201
1.08418
2.7186
0.268417
0.989188
-5.00083
0.203928
7.62738
0.442402
0.137367
0.155479
-7.82106
-0.691609
0.223418
-13.1158
-2.25147
0.884262
4.9644
-0.701466
0.0202596
-1.91223
0.939387
0.611206
0.672386
1.18559
-1.85301
-7.54344
1.88864
0.261872
0.447349
-1.15965
2.3113
-1.30648
1.58218
-1.84119
-4.43602
5.29904
0.482909
0.172074
-0.654355
-0.630155
-2.75875
-3.12036
0.30635
-0.128143
10.4388
0.447431
-3.03613
-6.11949
-0.663367
-0.309377
-1.39374
0.391074
10.7703
0.323305
1.17267
-4.91521
2.7354
0.990594
0.500779
1.13162
1.3881
-0.350518
-2.87083
0.273849
-4.95263
0.717681
1.62441
-0.413716
0.607993
0.728652
0.636629
-1.53732
2.23407
3.46931
-1.46342
-0.30092
0.371983
-0.642408
0.280622
0.457267
-0.506457
0.510074
-2.64549
-0.747893
0.295011
-18.0615
-6.0058
-6.24466
0.0268301
-2.9584
-9.52409
-0.630807
6.54486
-34.5713
4.32569
-2.73056
0.587598
0.304219
19.9533
-2.16183
0.985469
-1.62187
-1.39502
0.0946961
-0.17114
1.01674
-0.311918
0.176219
0.0406193
-1.77589
1.06008
1.35409
38.1974
-2.74462
-0.217687
0.872548
-12.3925
1.02715
0.676888
0.0177639
0.978497
-0.109051
1.59367
-1.71409
2.17817
13.1763
-0.363233
-0.439516
1.16899
-0.567851
2.01479
-3.43742
-0.073732
0.423269
-0.974272
2.33264
0.0126245
1.76037
0.185644
-0.0937139
1.94005
-0.126241
-0.673658
-0.866263
0.177132
-0.903276
0.252769
-5.34484
4.18604
-0.359701
0.822406
-0.264832
1.23032
0.30712
-1.23535
-0.32504
-0.199995
-3.34115
1.48741
3.38679
-4.97074
1.2208
0.834277
-4.23276
-0.401222
15.2877
0.674076
3.94969
0.217249
-1.85238
-4.33705
1.37682
-0.659613
3.1503
-3.2649
-0.326802
-0.411618
-0.135955
-2.95949
-9.06139
0.903385
1.12478
-7.37297
-1.3789
3.18139
-0.497975
-0.862479
3.36463
0.283128
0.820546
-0.165773
1.40326
-8.09633
0.0850316
-0.719108
-0.00312067
11.6645
0.267639
-3.93502
-1.76542
-0.710873
-0.114063
0.64297
-0.935743
0.399724
-0.221338
1.11571
0.449529
-0.283943
21.6767
-1.6115
-10.2155
0.298135
0.229329
-0.692572
-1.88442
-1.46775
-0.288491
0.904239
0.597469
0.0625531
3.70021
2.17771
-0.853999
0.378478
2.72837
-3.43861
-0.105127
-0.466972
1.39622
3.11
0.0860932
8.44439
-0.422758
0.409122
1.96402
-6.15762
0.0329036
-0.620418
-4.99441
0.856509
0.470262
0.171984
2.19434
-0.372773
3.9291
0.537925
0.862732
13.9919
-0.865456
2.45792
3.44113
0.160448
-0.576017
-0.981225
0.730524
-16.9528
13.9084
-1.89081
0.0163129
0.91018
0.624634
-0.961778
1.6589
1.36744
-0.0966991
-0.19992
-0.88992
-0.67446
1.46397
-10.319
-0.783911
0.100818
0.0397796
-0.00818255
4.17585
-0.709554
190.408
-3.55991
-3.66228
-0.262833
2.37458
0.0787609
0.895337
72.6417
0.378118
-0.146775
-1.45986
-0.908369
-1.01541
-9.38989
1.08133
0.287522
4.94705
2.84118
0.249533
-0.38042
0.562585
-0.743916
0.0619263
-1.14989
0.304199
5.44431
0.480999
-67.7556
0.150374
1.18662
-0.0189056
-1.66416
0.246996
1.08302
-4.47402
-1.84631
-1.22838
0.796602
0.585659
3.61692
5.42326
1.27166
-29.455
1.32514
0.334193
-0.426604
-2.55501
-1.81227
1.72055
-2.50683
-1.62099
0.420224
0.00553181
-3.37713
-0.447168
-0.825544
0.670208
-0.0267619
-0.679498
-0.0441617
1.33585
6.82036
108.941
0.704909
198.306
-0.457302
0.444857
-1.2302
0.977844
-0.593507
-0.610914
-1.67006
-2.83796
0.0336974
-3.88363
-0.247938
-2.85226
-3.31541
0.0972729
-0.56464
-0.266381
2.81619
-0.881012
0.236608
0.581065
4.39746
0.470036
-0.598085
-3.25159
0.0442267
-2.20163
14.2072
-0.796495
16.3975
0.0557227
-11.5225
0.885769
1.77615
-1.7776
5.67595
0.700457
-0.268148
-9.79802
-8.34067
0.00293723
-1.20194
0.418667
10.8602
-0.0309296
-0.24526
2.10524
0.153982
1.17823
-0.318641
0.188217
0.0591298
-0.242864
-0.66382
-0.38462
1.24019
-0.253947
-0.363484
-0.87587
-3.00591
-1.57333
-1.58426
2.27981
1.1386
-9.1857
-0.279909
1.5617
14.5247
-0.0240765
0.205031
-0.666487
-0.00292671
2.18844
-2.54905
-6.50111
-0.350201
-0.408553
-0.813109
-7.36229
-0.365358
-2.95073
-0.863935
-9.16822
0.525358
0.225816
0.149166
-55.631
-0.578188
-1.03121
3.16341
0.921769
-0.784447
4.19465
1.46173
0.238668
2.80428
-12.8028
-0.481137
-1.43983
1.19757
-0.491434
1.71379
-5.51077
17.212
0.28638
-6.72224
-1.62519
11.3247
0.44564
-0.40872
-0.599887
0.923511
-0.395227
-0.161914
2.40049
-2792.35
0.356905
2.61092
-25.8134
3.30944
1.30084
8.78843
-0.338419
1.42542
-2.08406
2.29904
-0.581679
2.46024
0.622514
10.5009
0.694426
0.86326
-4.15599
-0.464922
1.07606
-0.734241
-6.69177
0.181601
-13.9742
-3.56536
0.0999481
0.318185
-4.1763
-0.14272
3.59475
-1.37043
1.12631
8.3305
1.03932
-9.28519
-2.68007
-0.527376
4.06586
-0.264336
0.995965
3.27683
0.758926
-2.80348
34.3994
-0.978159
-0.648902
-0.102062
2.9508
-0.0684719
-0.135487
-1.0645
51.8212
-0.710209
0.804212
-0.618645
-1.14479
-3.30662
-2.74499
-1.45982
3.3379
1.03605
0.943301
-0.186978
3.60262
-0.618305
1.06466
1.23116
9.12122
0.288574
-0.281032
-2.87068
-0.00331457
-0.917014
0.654587
-0.309675
-0.00345044
3.87306
0.450548
-9.16029
-0.646943
-7.45902
-0.603097
1.89425
0.148433
7.36359
-1.40623
8.47688
0.982244
111.931
-0.579869
1.56923
-2.87876
0.62798
-1.22243
-25.4114
-2.73499
1.34476
1.8921
2.92183
-1.76944
2.62523
0.196145
8.8241
0.054414
0.707018
3.6404
-1.23632
0.478145
-0.647376
8.3861
-0.950546
1.87573
-0.936414
-0.834839
0.485144
-10.0998
-0.492715
0.54265
1.22554
1.37161
-0.235343
-0.12815
0.102441
-0.475848
-3.56332
-1.23991
14.4234
-0.373613
1.51583
1.42546
0.537367
-0.218632
-0.242841
0.790734
-0.426796
0.703327
-2.18035
-0.59405
-9.43363
-0.304479
-0.565283
-1.37705
0.318569
7.3978
0.547043
3.01395
0.442495
-0.156908
0.787957
-0.329361
0.567399
-1.53061
-22.4846
2.57326
-1.81431
-2.42389
0.265283
2.32545
18.4603
-2.92633
0.218261
-1.67762
0.609181
-1.08328
1.40189
-3.17857
0.357995
-0.726671
0.077651
0.494109
39.1318
1.49423
-11.1813
1.3164
1.39611
-0.713172
1.80434
1.42535
-0.1028
-0.405194
0.505016
0.764623
0.339635
-1.46048
2.00238
-1.01901
-43.9974
-1.01348
-2.32851
2.46488
-0.0983711
-0.974261
0.682789
1.26692
4.5382
2.03818
-2.11376
-6.12533
0.712689
0.673105
12.0193
-8.61396
-1.74757
1.41902
0.599787
-0.440608
-1.16546
-0.126615
-34.7729
-0.386592
-13.8544
-0.398303
-0.22261
1.71061
0.324492
-1.01833
-5.11821
0.309392
2.14567
-6.10807
-57.3681
1.08789
-3.45668
3.07611
-0.280302
6.43695
0.694836
-28.3411
-2.47716
-4.70664
2.77501
7.38244
-0.552011
-2.48155
-3.0666
0.0564032
4.2782
-0.316867
0.715958
1.42759
67.3177
168.995
4.54267
1.13655
-1.13473
-1.06934
0.894927
-3.30321
-1.74405
2.21768
-0.849912
-4.37121
0.818552
-1.64196
0.870367
-3.0303
-1.86546
-0.05968
1.27078
0.115994
-0.0706485
0.379455
-0.938032
44.8108
14.0221
1.0161
3.37148
-1.67482
-3.578
0.374157
-0.188752
-1.66033
-13.4585
-0.480608
-12.1097
0.470846
-42.5553
-2.01852
0.705682
-0.279059
-0.415715
-0.244941
-3.45995
-0.555707
-3.81587
0.337805
-5.34095
-2.83096
-1.94137
2.52527
5.66417
0.766141
13.7899
0.715472
-1.29103
-1.97472
1.55116
0.0977948
-0.944877
2.34435
-0.19196
-0.0930495
-5.1923
0.70731
-2.59719
0.971626
0.315559
3.12868
0.779943
-0.0717293
-0.463745
1.6213
-7.3218
-1.06111
8.67229
0.444983
0.401477
-0.309558
1.68098
0.0297101
-0.329815
0.283923
0.669549
2.01627
-0.362554
-18.3435
-0.796957
-0.813712
-0.215105
0.972261
-0.00887401
6.1821
-0.513516
-1.62782
1.09409
0.607452
0.369061
141.259
-0.684801
-0.0522287
-0.387677
-0.788279
-0.428125
-5.55183
-0.196803
-2.23124
-0.6548
0.0464396
0.542934
-1.60678
-0.176051
-250.134
1.65659
0.531917
-1.7086
0.433719
0.922555
8.53421
0.748333
-0.0540234
0.734392
-1.86374
-1.73376
2.35374
-2.36125
-0.203053
0.0235438
-0.895032
0.0887343
1.66937
-2.72405
-0.72723
0.227733
5.04833
3.562
1.77574
-0.690806
78.6189
2.56719
-2.94494
-3.50341
-1.72541
2.82781
-4.88001
-0.793732
-0.553663
10.5861
8.61425
-0.0358856
-1.25073
3.30323
0.33342
2.07278
1.16686
2.42289
-0.373478
-1.08306
-0.201383
0.243757
-1.58515
1.00286
-9.51114
-0.678813
0.911537
-1.16601
1.14736
-2.89013
-0.907399
-3.90267
-0.134731
-1.46916
1.76202
5.85841
1.2078
16.8491
1.62883
-0.216345
0.259497
0.555115
1.0965
3.19861
0.134509
0.596811
1.07062
-25.7347
-250.242
-0.132523
2.38533
0.359188
1.11723
-0.564479
-5.71727
-4.30339
-8.13428
-1.8071
0.417999
0.879247
-0.197984
-0.0247681
-0.435595
0.344
-0.518948
-0.663249
1.1031
-0.733381
-1.96588
-2.96275
0.70453
0.576623
-3.24817
-1.12643
23.3943
0.0690527
17.4929
0.278195
0.465895
-3.29979
0.0277006
-1.35173
-0.0746942
-0.158697
0.242654
-0.743771
-5.0065
12.2943
0.0872818
-0.839507
10.967
0.36149
1.15063
-1.09621
1.62638
-0.375716
2.91711
-1.15115
-1.52891
1.05517
-1.60111
-0.0981858
1.32366
-1.59104
-0.650033
-2.72481
0.64605
0.753607
0.493507
-0.895792
-1.08552
-0.0249497
0.699337
0.242064
-2.24523
1.32901
-0.230867
0.725021
-9.88735
-1.0429
1.2493
-0.683725
0.630931
0.0747184
0.270245
3.69282
0.249469
-6.51252
-3.73915
-0.708531
-4.43943
-1.20265
-0.374099
1.22677
-0.748441
2.70847
0.554314
-4.92985
0.87994
-1.07306
-0.534961
-1.96898
0.283739
-0.589186
-0.268703
0.0102164
2.08844
7.49378
-2.71793
0.486723
-0.0439508
1.90356
-2.50396
70.5385
-1.0489
-0.908154
-2.89112
-0.416836
-1.23301
-0.384432
0.592243
1.25307
-0.772732
0.693596
0.178828
1.23597
0.475495
78.0304
1.16247
-2.57445
-0.782399
-4.13479
0.196762
0.661241
0.707572
1.94537
-0.681959
-0.158759
-0.890489
0.167046
-1.20426
1.96017
7.23189
-0.086089
-0.792898
-0.626457
-0.889531
-1.11495
-6.59665
0.265902
-0.344844
0.00264955
-0.770485
-0.602815
1.15976
-0.423061
0.20784
-0.793262
-0.480986
0.787492
1.58741
-4.59524
-1.32595
-0.543052
-1.14543
0.202908
0.593117
-0.152124
1.12873
-2.04027
0.262448
-0.876191
0.52359
-0.154974
-0.386648
-2.69657
2.33138
-0.643022
3.11093
-0.181813
-4.18063
1.24461
0.104565
-0.0643334
0.0283832
-0.883523
-1.22545
0.940903
0.313292
0.0591986
-4.44543
0.644732
-0.298661
-0.263053
0.445624
0.0865906
1.21745
46.7334
-2.25526
0.764029
-0.402182
-1.07048
0.234902
1.37592
-0.661053
-1.58119
1.56743
1.13251
-0.329025
-3.40162
0.501538
-0.310385
-0.0512827
0.488995
-12.7858
4.03237
-0.28704
-0.216528
0.281106
-4.16982
1.7201
0.814938
17.1391
-32.1242
-0.838908
5.05062
0.609969
-1.01149
-0.606653
-0.0946978
1.51601
-0.316216
1.49007
0.681656
-2.35034
3.40166
-0.0850426
0.55349
-0.488318
-0.190467
2.1233
0.0485728
-2.18957
0.942198
50.106
-2.79464
0.22121
0.769955
1.19533
-0.0581326
52.1291
3.17237
-3.00939
-1.12898
2.25689
-0.300123
2.28188
2.66038
0.782058
0.541714
0.105904
6.99067
-0.449253
2.12386
-2.21425
0.0288146
0.784241
-0.666911
-0.261756
-3.30146
0.889849
-5.76607
-1.65118
5.34871
-1.93836
-1.86606
19.2379
0.526393
0.489802
0.918542
-0.78666
-0.524841
3.28933
1.71692
-1.3406
-0.467661
-0.12402
-9.76598
0.379318
0.427603
35.0254
-2.64452
0.0575771
0.3329
1.07261
15.0026
-4.08186
0.720028
-0.794899
7.70207
0.283208
-0.531046
0.532228
-0.0181308
0.646948
-1.37298
-0.0377382
-0.295379
3.00484
-1.61332
0.200411
-0.540507
0.338567
0.573426
3.15228
4.02375
0.0575932
-20.2425
0.88791
7.60933
2.43359
-0.528518
-0.909514
0.213775
-3.87889
-0.286787
0.237292
5.56559
-0.320053
0.188664
0.3621
0.715027
0.503588
-0.344543
0.673316
14.408
1.76236
-5.31206
0.629699
-0.600964
-0.197477
0.28044
2.63127
-0.319581
0.549186
-5.42653
-0.75712
0.710053
4.27265
1.66319
1.94221
-0.323831
-2.9095
0.666863
-1.8187
-38.9389
-0.333705
0.0438419
0.33084
-0.955781
0.650122
0.728077
0.927212
-0.737399
-0.516778
5.7288
0.322418
-1.77345
0.181319
0.480513
4.4153
-0.270048
-1.42474
3.85689
0.40779
-0.602967
-0.988055
-1.13873
-1.41198
0.542804
-0.577028
-4.35904
2.46024
-0.686271
0.611353
-0.220104
0.587316
2.74638
-5.20964
-2.2347
-1.08321
-0.283652
2.19417
-0.702178
-0.64223
3.05507
-0.581209
0.229032
-0.324206
-0.852659
-0.169144
0.209475
1.85843
-6.8153
0.458852
10.3918
2.09845
-0.461108
3.48857
-0.601373
0.937453
3.76594
53.1203
4.67736
-0.167206
-3.86789
0.232352
0.188933
6.36996
1.19898
-1.4689
-0.26583
1.48312
0.152775
-3.21054
-0.815293
0.630949
1.95254
-1.67303
3.4287
0.558141
16.9987
1.01364
-0.10867
4.59847
-1.25484
-1.15787
-5.28113
2.87117
-4.25717
1.78025
-0.330655
-0.278528
2.15141
-2.53482
0.520967
3.93341
3.29838
2.38492
0.0653894
0.619178
2.21582
2.2788
2.83372
-0.218297
-52.1101
-1.36278
1.74798
2.62128
2.73396
-0.450661
-0.501501
0.575294
-0.620956
-0.845501
0.859284
-1.03896
0.466496
-1.08005
-0.828289
-2.57428
63.7167
0.0731441
-5.97909
-0.823805
1.16833
-1.0321
-0.413519
-5.59448
-2.43569
2.64837
3.35834
1.68934
1.48181
0.45142
-0.0117678
2.67189
1.11887
-1.16525
-1.63775
0.797982
-4.13686
0.444159
-5.88243
0.0699081
6.91441
0.137801
-2.48334
0.145827
-7.72092
-1.02548
0.114098
-2.91283
0.450548
-0.746475
-0.76613
-4.0884
-1.70275
-1.47191
-1.49238
-8.08758
1.43445
2.02141
7.63533
-0.69629
-0.0985094
-0.201919
-2.42518
4.90618
-23.516
-7.1104
-29.8447
0.788233
-0.32421
-0.106283
0.19766
-0.226243
1.10364
-0.292477
1.25815
1.35445
1.0422
-6.03305
-0.298209
3.17649
-1.08178
-1.43549
-2.47859
0.638391
1.91299
0.973324
3.13615
-0.349931
-0.979272
0.24986
-1.44792
-0.190094
-0.306278
-7.32631
-1.65999
3.78246
-0.684452
-5.99456
-0.975649
0.494335
-5.15833
-0.197185
6.74558
-10.1531
0.503541
2.29973
-2.10054
0.908685
5.07406
-0.810259
0.469402
-0.423271
-0.559497
4.67119
0.461347
-16.513
4.03994
-2.68759
20.6473
2.41911
-3.39043
1.12789
-3.28297
-7.33418
0.0517319
-0.7422
-0.840267
1.58304
-1.06825
0.186922
1.62525
1.38005
-2.55798
11.8868
2.05329
-1.27533
-1.06223
1.00227
3.34985
-1.72964
-1.95763
1.18798
0.0364147
0.038041
0.247122
-4.00052
1.59762
0.230181
1.49537
-1.65467
-3.85149
-9.03459
-0.937513
6.75404
0.644799
-2.46254
-1.90858
-0.865669
0.194986
-0.971249
10.6797
-0.822503
0.929188
0.196899
-13.3024
-0.531754
-0.549596
0.71178
0.374212
1.16727
3.68082
-1.76455
4.94553
-0.0388024
5.95
-0.219599
-3.79717
1.05134
-2.86334
6.30474
1.83045
-0.0190865
-0.482728
0.445997
0.351679
-1.01451
0.974603
0.747982
1.68492
2.59593
0.791704
-0.42036
0.0673805
-0.630738
-0.54185
-0.224178
1.5667
1.03092
0.388173
-0.863501
0.578207
2.54728
0.35959
2.89247
0.978483
-0.810301
-1.22257
0.334194
5.96828
2.81729
-0.8852
-0.165017
1.13661
-1.1063
-14.7351
2.89913
1.46624
-0.203066
0.543584
0.142465
0.587386
3.20986
-0.804863
-0.221511
0.956551
-0.510713
-0.183342
-0.149352
1.49325
-0.00400847
-1.21626
-12.3927
0.0770607
-1.33032
2.53727
2.36232
-0.489248
-0.678096
-4.15932
4.44056
-0.147563
-1.14934
-0.493847
3.00508
-0.984101
0.896892
-0.345644
-11.2495
4.57
-0.212009
-0.0334953
-0.228198
0.758635
2.48951
-0.808462
-0.222702
0.257815
-0.561291
0.364443
-2.21561
-0.0727157
-41.5057
0.861214
-3.4832
-2.10402
-0.0257336
0.274096
0.355854
0.182848
0.391904
-2.11773
0.100156
-0.715328
2.80974
0.0632103
-1.13239
0.141996
1.62862
1.53705
-0.185651
1.2265
8.92774
4.39686
2.24547
0.488355
-38.679
0.0482313
0.277167
1.02161
-1.06929
1.81758
-1.11579
-0.206291
0.597111
-0.162156
0.46292
0.665426
-0.921017
-1.10936
-0.430973
-12.9274
0.596389
-1.55972
0.764821
0.832466
0.266292
6.75833
-0.935106
0.312482
0.0199313
-22.9959
0.673824
-2.01501
-8.43247
0.513155
1.61852
1.52304
-0.0670025
2.77403
-0.900425
-1.28009
7.6236
-0.351072
0.911509
-1.21933
0.0292075
-0.00845271
-3.4772
0.492073
-0.0894801
0.360132
0.81964
-1.17664
1.36854
-0.535219
-0.22623
1.05902
0.560206
1.58763
1.08892
0.416133
0.874407
0.319062
0.208057
0.588431
-0.72179
0.190441
3.06307
-12.8326
-0.757173
1.54152
2.1662
-0.489899
-0.859502
-0.216087
0.539334
2.60283
-7.22229
1.3255
-0.280389
-0.00991357
2.04423
-8.89999
1.38176
1.09099
-1.68553
-1.39084
-2.14177
0.906679
-2.7909
-0.524472
0.0822778
3.13823
2.51548
0.704058
0.619115
1.79368
0.217293
0.0515598
-0.525952
-0.413914
37.7204
-3.00484
-0.646857
0.0053755
0.677352
1.02771
0.355101
-0.242927
-3.15278
0.217487
-1.44114
189.893
-1.83583
1.63305
-2.01274
2.68574
-0.850064
-1.42867
-0.253361
-2.97574
3.15844
0.383918
-1.70809
-1.37758
0.553593
1.60315
-4.27297
-3.05152
2.58349
-10.6762
-32.769
-16.4332
-4.72491
10.0626
0.830966
-83.9224
-0.980224
3.32655
2.03004
10.95
11.8915
-8.14933
-0.0813469
-1.15269
-1.30341
-0.978529
3.2531
16.3171
-1.13334
0.809876
-3.40074
-7.30782
1.23193
-3.012
-0.364218
0.0737394
-2.24251
1.04043
10.5081
-0.0365226
1.5343
2.36996
-0.989481
0.492765
0.195706
-1.25139
0.0652027
0.86506
1.14234
-17.3588
-7.55349
-4.33265
3.80203
0.220666
0.429404
3.43096
-2.62636
-1.40185
0.275245
-149.936
0.23105
0.041522
-1.78117
46.0415
1.245
0.485302
-15.6455
0.810198
-4.80764
4.42275
-0.753639
1.63394
-0.404024
0.461909
6.91922
-0.224434
0.707666
0.99767
21.3162
0.132139
0.301722
-0.0841068
-0.360079
-3.6365
-1.57524
0.692514
1.06606
0.78969
-0.896653
3.81398
-2.04344
0.0495753
-31.0037
-3.031
-2.28725
-0.0135025
0.11677
-0.952679
-0.20806
9.7586
5.84579
-2.61703
-7.19818
-0.380895
-1.14235
0.379243
1.45378
0.219843
-0.190533
3.07977
-0.421502
0.100651
-0.0626923
0.71121
-16.8768
-1.12455
-8.65319
0.142792
-0.363493
-2.77922
2.40027
0.149816
0.329959
3.65624
-0.673772
-1.09957
2.32086
-0.323941
1.45836
-0.825755
1.65322
-1.46191
-0.24051
2.19171
1.54278
0.1206
-0.957204
-7.63609
0.452284
-0.832502
-8.18356
-0.456738
12.8826
-2.81052
-0.197796
-0.307574
0.00855873
-1.68343
-0.260852
0.967768
0.425855
0.467348
-2.07821
0.839374
-0.181182
0.0142832
1.00509
-0.380968
0.92934
4.6295
3.07736
11.2766
0.261161
-0.577172
-0.221526
16.3991
-2.86757
0.787069
-1.75359
-0.0789786
-0.768072
0.349399
14.332
2.0078
-2.48855
-3.66442
-0.0897948
0.521785
0.800166
-3.37694
-1.6821
0.675673
-0.486585
-1.65023
0.698183
-0.482454
-13.7284
-0.631371
-0.504241
-0.396336
-3.25954
0.38961
-5.86332
0.897826
-0.271806
-17.1363
1.40709
-10.6059
2.93022
18.984
3.54433
-0.884546
0.14914
0.779094
-1.47198
0.809973
-0.422184
-0.862638
3.69768
0.371777
1.58896
-0.202208
-0.840177
-0.743766
-0.54014
0.0574508
2.03917
-3.66467
1.66294
-0.284917
0.260834
-0.147637
1.184
0.0581636
0.0887291
-0.172972
-0.117826
-3.45178
0.396998
1.61622
1.23396
19.6476
-2.22128
2.46781
0.23659
0.36633
1.81954
-0.164523
-0.173341
2.9059
-0.18528
0.366879
-0.280471
-0.629709
2.4807
-0.419218
-4.22699
-0.103015
-2.59871
-3.33314
2.33782
-0.283487
-1.82014
5.51463
1.81688
0.813849
0.316388
-0.911017
-0.266625
0.953376
0.110865
-0.796853
-3.95267
0.255354
1.21849
5.78374
-3.55999
3.16927
0.868607
0.0629693
0.188156
1.74874
1.01221
1.4903
0.3025
-0.712419
0.359938
1.16929
0.927163
0.942947
-1.47778
-0.897574
-0.901956
-0.164551
0.322884
-2.30785
-4.03315
6.5453
0.52736
-13.991
1.10594
-0.432442
-0.577955
18.6607
1.77313
3.59943
0.285129
0.146801
1.86327
-1.9889
15.8503
-3.47826
-1.10183
0.613161
0.842755
-1.1039
0.142307
0.0585972
3.13285
-1.7241
0.387606
-0.040311
-1.08715
1.04873
-1.57929
1.66489
-1.87513
0.845212
-1.18076
-0.316042
-2.58914
-9.71544
0.737275
2.39062
-0.251122
24.2904
0.737684
-2.16631
0.276189
-1.12642
1.45371
-1.95768
-1.33919
1456.26
-0.485601
2.69097
0.248437
-2.37982
0.718604
-0.195829
-0.194212
-1.24301
-1.63561
-0.0631002
-0.730054
-3.83065
1.15482
-0.540911
-0.281472
0.205541
-0.511705
-0.239502
-1.55202
-0.515717
2.03572
-1.29738
-6.12402
0.334563
-16.0896
0.195109
1.09443
0.459357
-1.98795
-0.371785
-5.33957
-0.77422
-20.3129
0.677601
2.09697
-0.281812
0.0137205
0.956517
-0.509872
-1.36926
-4.87885
1.62013
-0.0788432
7.48768
1.16978
5.16969
-1.81608
-7.85329
-0.0299505
12.0828
-3.3728
0.72986
1.10039
-0.918215
0.797968
1.1852
-21.0697
-1.69918
2.0559
126.739
-0.600494
0.275859
16.7362
-1.49761
-0.739691
1.27316
0.0525822
-0.403904
1.01531
0.455105
-0.584282
0.42599
-0.631226
0.520142
-24.5661
-0.100586
-0.534163
0.0104721
-32.3736
1.98019
2.60091
-0.705361
-0.24075
-0.936646
-8.26677
-3.8648
-0.0834938
0.681924
-0.158405
-2.20349
3.35521
-1.82885
0.545783
-2.25969
-0.0576699
1.01239
39.4725
-0.36001
-0.0416073
-0.190447
3.70973
-0.366716
1.22092
0.725375
-4.01971
-5.29017
0.310976
-0.73485
0.0167599
-0.403142
2.48755
-0.0123917
-0.998908
-1.15374
-1.10673
-0.306881
4.58794
-0.809058
0.21185
-10.9484
-10.497
2.15584
57.1016
7.46111
-2.88273
-0.949667
1.51477
-0.630954
2.8598
-0.494434
-3.72959
8.18567
0.626854
3.29057
0.248517
-5.25921
-0.0970799
1.57182
-0.649843
12.4903
2.7269
0.915814
-0.0899113
0.399051
-3.75797
-2.44917
13.0875
-0.852305
0.254601
-5.27025
1.84535
-5.32146
0.170939
0.250493
1.35937
5.24653
-13.7298
1.98967
0.159029
3.6089
-2.70416
-1.18509
-6.33098
-0.196959
1.26848
0.638426
-2.39691
0.382796
0.216634
-0.622956
0.666696
0.425617
1.2971
3.57171
0.00472551
-1.17468
0.290881
1.05085
-1.36632
-1.49336
0.203215
2.44675
8.22263
-1.82484
-0.565621
18.6216
0.775437
3.05361
-2.97042
0.853174
-0.0206036
0.239784
0.468638
-4.76509
-0.311174
-0.657861
0.950805
1.18948
3.67139
0.572186
-1.00703
-0.570359
-10.8111
-4.43192
-0.555208
0.796549
-0.0221211
-1.06189
0.0386396
0.340887
-0.313291
-1.96736
-0.924639
-0.140796
3.01053
0.751197
-0.481419
0.214134
27.6203
-9.80113
-7.3008
1.64438
-1.34614
-1.99592
0.748504
1.34177
6.00025
0.150138
1.6563
-1.00675
0.937197
-0.816702
-0.0816831
5.66601
-0.549112
0.173481
-17.3339
0.974316
-33.2905
-1.08677
-0.262315
-2.20773
-14.6504
-2.17289
-1.36659
0.688059
20.6909
-2.15324
30.5518
4.93129
1.26101
4.44354
-0.294239
-0.935233
-10.1967
0.881017
0.681083
0.923164
1.05688
1.10645
1.02015
2.74507
-1.57402
-12.2932
0.0973664
-1.54629
6.62166
-1.2522
-1.16284
-0.72452
0.437436
131.359
-0.200712
1.14716
-0.819947
2.20562
-0.478155
-0.104053
-7.00766
-1.68666
2.20735
0.194228
-0.386231
-1.30812
-7.81803
3.51385
-0.162643
-3.2442
-0.746777
0.726625
-9.4591
0.0850206
-1.00625
2.19518
-0.274189
-0.455111
0.977412
110.282
0.737207
0.881967
1.031
-0.265633
0.43873
0.401708
-1.02744
-1.18357
-0.552335
-1.16957
0.0455717
-0.62991
-0.0362642
0.165718
4.57215
1.65018
4.70752
2.90147
35.9776
-0.839283
-0.315044
10.3044
-2.14744
3.30315
-0.269063
3.06413
-2.36975
1.62493
0.242445
-1.08032
20.5357
0.939004
-5.59144
0.612383
-0.88061
1.83539
0.836024
-0.501648
2.08129
0.284149
1.31725
0.728676
-3.07592
6.05483
-0.932183
-0.997693
0.343733
1.50754
-5.63573
0.0183388
1.04753
-0.564961
-0.980606
0.439826
1.89118
-0.581316
0.889917
-1.21537
2.2455
0.811504
-1.68418
1.14333
5.82392
-0.729905
1.78954
7.02797
-3.61669
2.82488
-0.495349
-1.28702
1.61175
3.80437
2.87172
-2.48181
3.05108
6.32263
0.616397
-2.37364
0.514244
-0.946619
1.93537
0.832933
-1.68957
2.26225
0.107402
-1.6241
-1.39747
-1.14347
9.72171
-0.985402
-1.39363
-0.0598664
1.15815
0.107048
-1.75732
-0.793811
1.19137
8.4542
-16.1884
-0.0257633
-1.57198
0.884964
1.32783
0.40642
0.159194
-0.0498743
-0.793436
0.365432
-5.77757
0.68693
-0.399459
-33.8077
-0.566919
0.539841
0.830475
-2.29813
2.56731
1.03227
-0.501161
0.0860677
8.20181
0.33951
-2.05142
0.451468
-0.608755
0.0500567
1.0254
-0.491989
-3.00458
0.189524
0.775584
-1.51462
-0.546316
-4.24159
0.207152
0.598914
2.8255
0.307807
1.3334
1.25053
-8.07208
8.25561
-0.487631
0.679786
1.45709
-4.41367
-4.57883
-1.7379
-0.146988
29.5337
0.962263
0.0594309
-0.277888
0.713029
44.6258
0.686869
-0.625916
0.492746
0.291002
0.230355
-0.956133
-286.823
-0.56853
2.20287
16.7498
-0.682569
0.764633
1.06436
0.692956
-0.426207
0.669471
-6.22564
0.545737
0.0516782
0.962657
-0.0356976
-0.113692
0.415406
0.529617
5.98067
4.7133
2.21381
0.323585
1.09424
-6.65314
-0.115146
-5.92655
-1.14573
-4.81544
0.15935
-0.326359
2.42053
-1.35381
0.766871
-0.670871
7.94822
-1.10477
5.91374
-0.295981
-1.66524
-1.51569
17.2052
5.94782
1.26076
2.22207
2.53567
1.6512
-0.307558
0.534816
1.68248
0.281616
-1.1895
-0.157428
0.225403
-0.464812
4.57985
4.0088
0.638895
0.200259
0.096614
2.70428
-0.387408
4.83719
-0.105959
-0.639231
1.09742
0.199817
0.209606
3.73996
0.0965963
0.457243
1.25392
-5.30275
-0.357913
-0.304138
5.08527
-0.25706
0.397587
0.2558
-0.305049
-0.738631
-13.5697
-0.170814
1279.59
0.259203
-0.360754
26.83
-0.742766
-1.79323
0.961861
0.82817
-0.181154
1.01978
4.10492
-3.28369
1.04079
0.497554
-3.87055
1.66312
-1.06268
-0.134583
-2.50739
-14.5777
3.78297
1.89413
3.5358
0.624826
0.205937
-0.349149
-16.833
-0.963896
-11.6581
-1.52841
0.462866
0.237691
15.1741
1.59693
-0.305887
-9.05372
0.627602
-1.01656
-0.396568
-0.251344
-0.522992
-0.0791696
0.085032
-0.126007
0.683427
0.474102
-0.601005
0.247551
0.694082
-2.19082
2.63579
-0.41454
-0.675697
-0.221319
1.82877
1.29077
-1.22512
-0.546844
-0.427193
-2.00529
-1.76308
2.57232
-2.60944
0.487011
1.58708
-0.717098
-6.15915
12.3781
1.14253
0.639571
-4.83552
8.47763
7.88661
-9.49495
10.631
-0.083335
0.655832
-1.54553
0.0574036
0.7358
1.51374
-0.652559
0.556425
-0.438127
-2.33797
0.488011
-0.345463
-0.833632
-0.632674
4.12188
7.2702
-1.757
-11.6647
0.6502
2.09683
-0.454595
-1.30289
0.317908
0.502139
-0.633525
0.359369
7.28167
-0.3522
0.771884
-4.11496
-0.766403
3.65133
-1.32596
1.88662
-2.96704
-0.189231
0.450268
0.112664
-0.183351
5.5843
0.232016
-1.05257
0.804353
-0.473015
-0.784566
-0.856085
-1.454
-0.953702
10.2793
0.719773
-12.3716
-2.45658
1.25182
17.4264
-0.724166
1.93233
-0.157587
-7.30694
0.0546507
11.7655
0.150638
0.368322
1.23106
2.98576
-0.252107
-0.564792
5.59843
1.36661
2.44307
-0.438843
0.279273
-0.307301
-2.0113
18.1832
0.68931
-0.304065
3.0295
0.774459
-0.749751
1.78386
-24.1579
0.714547
-3.10394
0.466837
0.215762
-0.216211
0.394436
-1.80995
-0.575085
-0.721116
-9.20623
2.05605
2.70726
-0.0472834
-3.76716
-0.172117
8.72811
1.00954
1.3707
-1.06867
5.37163
-0.410376
-3.44128
2.82973
0.125496
-0.174894
-0.200341
3.07035
0.700105
-15.9869
288.239
4.70284
-0.337602
-0.400294
-0.104069
0.690779
-4.54709
0.598271
222.582
25.3941
0.0142934
0.961675
2.9011
0.871427
-0.478295
4.53406
5.89832
-0.810244
-2.02192
1.4233
-24.2044
1.91596
-8.64066
2.75642
0.816771
-53.6209
-2.83694
-0.987943
-0.76266
-0.674079
0.110769
0.818565
-2.09485
0.246289
-0.083757
-0.264664
-3.68009
-3.07844
-2.29768
1.11537
-586.484
0.0971784
-0.384323
103.261
-1.9294
-1.03879
-0.648314
2.40713
0.477987
1.23626
3.36091
0.556149
3.0769
2.6905
0.518949
-24.824
0.393928
-4.18242
-0.0203381
1.09698
-0.175092
-0.150542
-0.121813
2.12242
0.669605
0.376146
-0.79264
0.140916
-0.0200192
-0.978183
4.92671
-0.911246
2.09597
0.722404
0.47765
0.578254
1.8235
0.707288
-0.119646
-0.319846
1.83878
-0.619707
-0.0212693
1.12976
0.870285
-0.254978
0.00807953
-0.591047
-0.00594218
-0.897121
0.392925
-0.396851
-2.57286
-1.0683
-1.08667
-3.70605
0.170997
-4.14634
0.116353
-0.464378
-0.195115
-1.97559
3.95274
4.18037
-2.03719
-0.675971
-0.00825843
-2.32557
1.48843
-0.272217
-1.81881
0.432996
1.11867
0.296908
0.882886
13.5088
-2.09042
0.566946
-4.41024
0.968298
-0.176545
-0.619444
-6.07923
2.81053
-0.60824
1.4328
6.39966
-0.794505
-0.705963
0.462901
-0.892724
1.57219
1.34379
8.55789
-0.46715
0.816169
-3.10603
0.143937
0.194536
-1.41406
-0.106231
-0.275646
0.710128
0.274077
7.13978
-0.259123
-0.620244
2.86051
-1.13497
-1.0185
8.80392
-4.03655
-4.61821
-3.43182
-0.626472
0.872856
-3.31757
0.789728
-0.0129195
-3.7306
-1.90794
-0.513845
-0.906258
0.2808
-0.07347
5.60151
7.07867
0.976971
-0.310983
-0.533281
3.77958
-0.483811
-6.4041
0.343009
-0.785429
3.90406
1.01634
-1.09352
0.329727
-0.105468
2.78113
3.56662
1.88596
0.299469
1.50878
-70.8851
-0.428315
-0.234828
-6.26199
3.07092
0.129029
5.244
-0.401196
-0.124421
0.0594735
-0.517592
-0.145778
-0.0262285
-1.84886
-0.636252
0.829882
2.35213
-0.852252
-0.0534685
0.11951
-2.40852
-16.6862
2.47042
0.387854
-9.46175
-0.312717
0.0654964
4.50001
6.61553
-0.0468323
-15.3125
-5.74924
-2.64911
-0.497237
2.6786
-9.09047
-0.203865
-3.27196
-1.48764
-0.0502349
-0.831322
-6.14029
0.209847
2.21652
0.71085
11.8106
19.2789
0.648915
4.9602
-2.05008
0.572966
1.44479
-32.165
-0.202922
-3.0275
12.3227
0.755306
-2.11725
-1.28199
-0.423779
-11.2391
0.327145
-0.291899
0.445495
1.22243
-4.44501
1.26091
0.192394
-1.55043
8.73689
15.7225
-0.7672
-2.40648
-2.17987
-0.868171
-2.08451
1.54475
-0.046601
-1.90826
-1.50212
0.123416
-0.295481
1.69218
1.17297
-4.21441
0.375112
-0.0228025
0.0164673
-7.33194
0.630399
1.25758
25.379
-1.00182
2.28366
-3.15228
1.12652
0.770978
0.685047
1.36585
28.3403
-1.09925
-3.56181
8.47594
0.456077
0.986955
1.54829
-0.896745
2.41258
-5.14446
-2.71593
18.215
-1.46635
1.18323
-0.121357
0.849094
-0.195635
-0.77646
0.420919
-0.145221
-0.176169
-6.01285
2.4619
-54.4877
-0.644063
0.30537
-1.93345
-146.204
0.429346
-2.03491
-0.376869
2.00678
-1.76472
0.441901
0.244896
5.84096
-3.61763
0.871686
-1.17694
-0.277781
-0.714031
-0.855614
0.0346879
0.125513
0.268888
2.34898
78.3923
-1.02099
-4.29258
0.270718
-3.302
0.429911
0.0366854
-0.0131027
0.420987
-581.93
-0.782504
-1.66369
0.39056
0.263477
-0.42794
0.749553
7.20809
2.61926
1.82822
-5.04963
-0.214315
-6.97025
-0.646233
-0.808003
0.314284
-1.05976
2.99456
1.29248
1.47401
-0.0505622
1.2089
-0.0243158
-1.0102
-0.523471
-1.61322
-2.57516
9.06217
-0.121028
6.01689
-2.64546
1.20217
3.2233
-0.957934
-1.18668
-2.67518
-0.943351
-0.966003
3.59489
0.155458
-0.6584
-0.858585
0.651189
1.86297
0.322388
1.43524
2.51743
-1.82475
-1.62818
-4.02708
0.161293
-1.62234
14.4216
0.946801
0.789508
0.169224
-0.796265
-0.393542
-4.39719
0.0552023
-5.51153
0.48598
-0.137905
-0.843102
-0.342818
-3.75341
-0.887158
-2.7267
0.298109
0.397772
-0.260543
-0.323468
0.0704794
3.63181
-0.499226
0.993725
0.788325
0.309525
7.65353
-4.80774
-1.2454
-3.39908
1.70209
2.79925
-1.57911
0.107334
-1.18625
2.90359
-0.708914
7.21663
0.559494
0.00119998
1.26129
0.826763
1.93048
-0.449618
0.936515
8.99983
-2.41982
-0.10184
0.561616
-1.18414
-0.790532
11.6649
-0.134135
-0.0952327
-2.18915
-1.48468
0.797444
-0.49354
-1.05379
-2.05568
0.0728184
-1.21327
0.217756
-0.682694
0.605238
-0.999483
-1.30119
-1.47366
0.609182
-0.630653
-3.97684
-0.935992
1.4468
2.46434
3.64871
0.393806
-0.790396
-1.07832
-0.893378
-1.25176
-3.84477
-3.18365
-2.68896
0.467526
-0.319875
-10.022
0.524096
1.21039
-2.35635
-0.989229
-0.17718
-0.521959
-0.0564099
0.262399
-0.134329
2.28874
1.19188
-0.149107
-2.87207
10.371
0.689794
-16.5355
0.111891
2.32891
-4.17137
-1.25224
-0.690021
1.02503
3.6835
-1635.57
2.44255
0.0538202
-0.854768
-0.601054
-0.61604
1.378
0.286525
0.674533
-0.258319
1.93622
-0.476791
-0.237766
-1.05583
0.526259
0.213417
7.36661
0.836393
0.81044
0.632185
-0.591505
-0.699237
0.381029
-27.9243
0.662446
-1.06477
2.13971
25.7781
-0.119122
1.1768
-0.395225
2.37381
-8.37742
-0.643806
-18.8455
0.184271
-3.60842
0.706921
-2.21285
11.2568
-11.0364
0.991163
0.312433
0.127968
1.54136
-2.41599
-1.98758
-0.19323
-0.989225
-0.15754
-1.10518
0.494532
-110.732
-0.136392
-1.0763
-0.126163
11.3364
-5.0405
0.846746
-0.361095
0.493391
1.23722
0.289759
-2.38169
-0.680094
-0.143179
0.584821
1.31799
-0.272764
1.31554
-9.54682
2.30847
0.655549
-0.68822
-0.507752
0.652622
0.616713
-0.314534
-2.45833
-0.250936
-0.0723613
-2.45622
1.17168
0.152617
198.299
-1.55951
-1.69242
1.26077
-0.571456
-35.3856
-0.898568
0.0207553
-0.610693
2.48781
-1.33035
4.27245
1.50545
-0.0141742
-0.422642
0.217188
1.6212
1.34013
-2.25639
-0.507623
4.70682
-2.05768
10.4149
-13.3535
-0.672936
-0.370088
0.0205436
1.83076
-19.0669
-0.239002
0.0311427
0.717702
77.1604
-4.76893
-6.91776
2.14686
-3.45732
-0.765738
-2.43437
0.652463
-2.07478
-0.0757237
4.76102
1.49318
-1.69478
0.891422
-0.20524
-7.79627
0.324138
-0.451252
3.88514
1.89667
0.393865
2.64937
1.38937
-1.04219
-0.0707761
0.407433
1.332
0.821781
-4.63327
-15.6515
-0.146382
-0.150425
-2.47999
-1.35129
-71.1387
-0.00589718
-0.911855
-4.47733
0.536751
-0.575575
0.227352
0.858086
1.22
1.17929
-0.711902
-1.08033
-1.07835
-0.378532
-3.65435
0.0521567
0.72661
-3.12688
-0.721544
0.739514
-0.933435
-3.13203
0.34398
1.40247
7.04362
1.65583
1.10334
1.9397
6.18142
-0.370573
1.34831
-1.25719
0.913493
0.331498
-1.49784
-1.38712
-1.4007
-0.7217
-0.744935
-0.986371
-1.21458
0.0885631
-5.4953
-0.979302
308.28
0.12116
-8.76665
-0.642299
2.43256
1.68813
-0.404861
31.1221
-4.45185
18.0709
-0.749406
-0.305183
-1.04774
1.94595
1.11171
0.685802
0.520712
-0.906509
0.517463
0.145336
1.91268
-0.350605
-7.27645
-0.473177
-2.74165
-0.174619
0.505766
-2.33773
-2.92296
-1.46882
-0.127778
-0.32319
1.41949
-2.35524
0.0756499
-0.396008
-16.8216
0.726588
-5.46368
4.73505
10.5293
1.60781
0.29993
-1.32494
1.55028
77.6435
-0.158034
0.508918
-4.01617
0.709414
0.426238
-5.14893
0.00186303
1.24247
-3.63906
3.85864
-0.272354
0.587255
0.548267
3.72677
-0.952117
0.468724
64.748
2.44295
0.847932
-3.06554
-71.8688
0.887213
1.91908
-0.059538
-0.365644
1.78959
-0.601731
-2.60875
31.9879
0.603993
6.70781
-1.04525
-0.960249
4.69781
-2.02137
1.51501
0.172561
0.623549
-1.66345
-0.246783
0.578217
-2.72668
-3.0637
2.26883
2.03903
-1.46769
-1.45331
1.4306
-0.162428
32.9879
0.0245197
-0.71723
0.884992
0.336102
-1.74906
6.95528
-2.30372
0.874183
0.952987
0.546965
2.91657
-1.11447
-1.09739
2.7768
-0.88864
1.30776
0.0830555
-6.07966
1.14816
-1.27307
-1.88088
-0.876588
2.3197
1.12745
-0.211589
-36.2916
0.230917
0.187716
-1.67426
-3.23632
-0.0445056
-0.705233
1.43099
-0.0997416
-0.201261
1.77187
0.0148579
-0.097055
-8.0355
-7.14153
-3.00966
-1.06476
-0.354028
-0.527667
-1.21906
-0.892101
1.6228
2.1821
-6.02691
-0.585883
-1.51406
-2.18494
0.0294145
1.05059
0.191823
-4.49316
0.350629
-0.0219507
-0.312122
-0.124056
0.306975
0.222528
0.962689
-1.54338
-0.0600204
0.295656
-0.961411
0.446832
-0.74239
1.94938
-0.49422
0.701519
0.534804
-1.70484
-0.61528
-4.90596
0.408037
-1.61152
-4.76586
-0.322572
-0.93382
0.071085
0.890646
-0.721411
-2.08267
0.170557
-1.94679
1.8414
8.14664
0.585241
41.8614
-1.10305
0.0373545
6.16925
-0.494307
-0.256774
-2.10457
-2.43719
0.90498
1.41707
5.71983
0.49302
-1.22329
-0.402257
0.229662
2.90685
-4.74442
-3.33048
1.42644
-0.741626
-3.04508
1.37689
-2.76814
-1.39045
-0.848403
3.77209
8.58781
64.7894
-1.47754
-1.90571
0.159949
0.221899
0.848321
0.604334
12.6997
0.377955
-0.737335
1.28245
4.54456
-2.38067
0.98775
0.900806
-0.290312
-0.488806
-1.19158
-0.862595
-2.05865
-4.12292
-0.184978
-0.362028
-12.8679
50.2746
0.133658
-0.662945
-3.14683
-3.37613
0.0666021
-3.01231
1.11719
3.46655
0.502703
2.83543
-0.583755
0.512417
-0.200754
0.00586422
0.237087
17.2992
-0.331632
-1.00931
-1.84111
-1.39134
0.423419
0.124289
-3.48169
-2.97432
-0.73033
11.5867
0.75666
1.53834
-2.62976
-0.326118
-0.946958
0.683397
-0.903895
-0.94312
13.8111
-1.04072
8.47016
3.09161
-2.35956
-0.398663
-1.04031
-0.168773
-2.99461
0.498663
-3.95086
-0.496073
-16.436
-1.23164
0.499965
-0.0654916
0.838321
0.32254
-0.0441197
1.41676
-14.2628
26.6438
-0.00799691
29.4569
0.390228
-0.490852
-11.1729
0.634694
105.485
-0.540798
-3.30924
-28.8008
0.648103
-0.649478
0.260639
-2.21672
0.357519
0.725649
0.404968
1.21468
-2.859
2.7303
-1.00749
-0.527075
-3.09994
0.232273
-0.738485
5.50042
0.545883
-1.39111
1.00072
-1.06027
-0.789999
0.338608
1.6723
-0.522741
1.37988
-0.21547
0.0966913
-0.115961
-1.56625
0.867779
-0.904558
-0.686722
-1.33397
-0.215825
1.29795
-2.61939
0.575939
-0.582868
8.54608
0.04611
0.900367
4.49765
2.19604
0.660906
0.155874
-0.262353
-1.91026
-0.172058
-0.234787
-0.851577
0.0550863
2.48166
0.946577
-1.85188
1.55207
0.64682
-3.63426
-0.830067
52.9577
-8.82232
0.350227
4.93546
-0.145779
8.0062
0.226174
0.546593
4.56544
1.00533
-0.776529
0.166198
-0.951725
7.25748
4.69769
-1.8415
-0.475855
0.162241
3.4821
-0.920051
-3.12569
-0.00911545
0.231055
0.0277868
-1.10479
0.147257
3.28855
0.473962
-0.303568
2.43111
1.35334
0.277793
-0.598126
-0.0578657
-1.01262
0.199131
-3.71698
-0.0818998
-9.29684
6.25577
0.946464
0.436645
1.86076
-1.52239
-3.48887
-0.340194
0.292144
0.0971286
0.440595
-0.913207
-0.225598
7.20448
-2.16084
1.01347
0.803187
-0.00790396
2.99133
-6.87598
-3.18468
0.0554791
-1.34194
5.88802
15.9416
0.254765
-0.810535
-12.4014
0.972109
0.248077
-0.301156
0.496409
0.929163
1.9579
-1.45225
-1.204
-0.442022
-1.14515
1.14182
0.625266
-0.702087
-1.02664
1.95173
-0.058326
-0.416913
-1.30752
1.08911
-0.211082
-0.689202
0.703043
0.0753798
1.80663
0.388815
6.44279
0.558314
-2.89632
1.38229
-14.086
14.9724
-3.73
-1.04282
0.422976
1.2786
3.67143
2.12786
-2.87623
0.338825
-2.55931
6.59902
-0.895883
-5.84121
-0.409371
1.76779
-3.02876
0.175244
-0.398844
0.128593
0.0172019
-0.899921
0.240393
0.0644067
53.1538
4.79207
3.90325
-0.0276621
-0.485647
2.02686
-3.45381
-1.12273
2.83674
0.227399
29.3019
-16.642
1.19065
0.326979
0.334171
1.85158
-2.06369
198.86
0.96767
0.55442
-3.27457
-0.996575
3.56522
12.8297
4.12089
0.596168
0.818667
1.59905
0.128391
1.14507
-0.0947885
-0.24663
0.303612
0.791929
1.00359
-0.277572
-20.0936
-0.479361
-0.463286
8.27071
-0.968074
-0.233611
0.558258
-3.02667
0.406052
1.01097
-0.218685
-1.90377
-0.266942
-0.438262
38.5017
1.06635
-0.349547
-0.0511614
4.63308
-1.48332
-1.71788
-0.0517716
1.08146
-13.5364
-0.278678
0.573053
-1.06486
4.03483
-1.05274
-0.628651
0.200648
-2.9268
16.222
0.3512
1.60417
0.254105
2.65063
0.569568
5.25758
-0.681057
2.06576
-0.267468
-1.59527
38.6492
0.677884
-0.972143
0.733258
2.8835
-1.64082
0.840452
-1.13288
-0.875043
-3.48805
-0.833466
0.948043
0.762815
-11.8661
-0.303773
0.00677657
-0.0611086
7.87322
-0.606804
-0.406895
0.249032
0.827911
-0.219776
2.51299
-0.507433
-5.75298
2.31638
0.406026
1.39194
0.907131
-7.29953
-0.109445
-0.26777
0.8688
-0.0891302
2.33395
-1.59454
-0.817304
0.513757
-0.090733
-0.0831078
-52.8351
-22.8851
-0.432247
-0.791299
-0.147175
-0.447344
40.0044
-2.78828
-0.0344762
-0.341035
3.85616
0.651199
-2.01446
0.221216
-10.1112
2.56789
-9.62308
11.4654
0.163906
-0.422938
0.0764678
-4.50481
-0.449338
-2.95448
-0.464392
1.94612
0.633379
-1.24498
-6.0953
-0.118176
-9.60905
-5.8536
-0.354937
0.907444
10.3556
-0.473835
1.72289
1.03666
16.675
-0.214103
-3.07378
-0.202837
1.08422
1.45888
1.27121
-0.937325
-2.53348
-0.00907925
0.90078
2.26355
0.340667
-0.632228
-0.990767
-2.95437
0.314324
2.50721
-1.54686
-0.123399
-1.37496
1.43117
-1.03081
0.7725
1.00841
2.68035
-3.75236
-0.155564
2.67233
0.506064
1.01592
-0.892598
0.903665
0.122342
5.35753
-2.19384
2.44508
0.267202
0.637392
-0.603308
0.251703
-2.34667
1.62113
-0.384741
1.30075
-1.23498
0.316902
-2.36803
8.97561
-0.456627
-0.686376
-0.0412466
1.94886
-0.316918
-1.46082
-0.958957
-0.537615
1.36846
0.440368
-0.0866381
0.943369
2.04607
-1.9322
-19.3658
-0.709137
-1.11708
-2.56883
-3.28666
0.192799
-1.28548
-48.8463
-3.36559
-0.197227
0.922281
3.78222
-10.0466
1.83909
4.92469
2.06143
-4.8011
14.2018
-2.17262
2.12797
-0.340213
-0.508034
-1.63761
7.50646
1.93423
0.04934
2.08252
-4.14177
0.691706
1.1572
-0.950272
-1.88347
-0.263001
-0.285811
-1.62672
-0.356783
50.99
-3.26307
-1.016
-5.33843
-7.3889
-0.462909
-15.9934
0.277086
-1.25588
-0.051475
-1.18465
-1.36091
1.08322
0.51558
1.43931
2.33818
-0.221054
0.134323
9.36385
7.38131
-0.93041
0.861608
1.26478
0.257998
-0.742607
-3.50293
0.592051
-0.855353
-0.338031
0.171434
-3.01926
-3.4148
0.640873
0.625014
0.413601
0.249996
-3.64272
-0.192632
-5.62756
2.85008
-0.200689
0.422016
0.686337
0.18355
0.397193
0.202634
-1.74278
-0.598666
-1.47873
-4.38667
-0.00440909
0.371795
11.7102
-1.45857
0.125455
-0.152231
-0.399561
-0.290027
-11.808
-2.98821
-1.07476
-11.6197
0.468187
-0.520093
1.07229
2.20244
-2.44226
-1.835
-3.39535
2.81262
-1.64705
2.05052
0.05975
0.436324
-0.209529
-2.45506
-0.483199
1.58123
4.15529
0.802586
1.89346
1.51735
1.68081
0.734245
4.207
4.32241
0.816529
-0.820609
-3.26348
0.262873
2.15905
-5.80463
-1.15407
6.02669
-0.532859
-2.65589
0.0187721
0.192474
-0.91577
1.1632
-0.181704
2.43969
-1.62856
1.10094
1.54146
1.38351
-9.36561
-0.893804
-1.17212
-3.46991
-1.8809
-1.92409
1.91219
12.7019
0.094825
0.777204
-0.555271
1.14253
-4.06768
0.410233
2.80399
0.0529431
-1.20534
0.663279
-1.95455
0.0255397
1.51012
-2.37584
-0.694051
1.12244
0.836091
-0.370048
0.563054
-0.213701
-0.758075
6.09702
-0.946149
1.82053
2.19749
-0.272413
-0.603565
-0.823114
2.3253
-0.078591
2.89239
-7.74051
1.96277
-0.684761
-0.353932
0.587325
-0.491265
0.478026
-5.84339
-11.7444
-0.474175
-1.46274
0.63216
0.873556
1.72042
-5.27614
33.1866
-3.49057
2.55274
-1.63847
13.6584
0.742816
-10.6899
1.26573
-0.270828
1.44024
0.795899
-0.46512
-5.80668
-1.16519
0.481017
-1.35118
0.793382
1.02249
1.30717
9.07455
-1.00939
0.691121
-0.136242
7.58775
-0.860005
4.02205
14.0593
-0.339173
1.23529
-0.579193
-196.384
0.224098
0.963658
-12.0228
-0.339921
1.50961
-0.879907
0.138235
-0.797244
-0.3074
0.9158
-1.10825
0.421282
-0.419338
0.723885
1.66861
0.1575
-1.71849
1.55939
-0.275443
1.58717
-0.124796
-0.948273
-1.41947
-4.87798
-4.39809
-0.891861
2.74007
0.346864
-1.32832
0.34091
0.74805
-0.210368
-1.82001
-1.11346
-0.311569
-0.773371
-0.47213
-0.71101
1.25936
0.42237
0.0446355
0.473473
-8.18767
0.305961
-1.5981
-20.8793
-0.140961
-1.06304
4.29668
-0.351241
0.00142607
9.87543
0.329943
10.6854
-0.642978
-1.20993
-0.275672
1.98303
-0.387206
-0.53336
5.8342
1.37997
0.811048
-0.169652
-29.6238
0.0810072
0.822483
0.10123
-0.955099
0.419169
-0.276742
-0.574608
-1.43943
-7.3714
-1.0277
-0.539957
-0.0547408
-0.0567049
-0.85016
-0.977093
-0.132102
-0.323206
2.24994
-1.89073
2.24232
-0.956632
-1.22064
-0.508313
5.12952
0.783127
-0.045082
0.0454187
1.31996
-0.306083
-1.29522
-0.618465
-1.15032
0.164088
0.0850302
1.30968
-1.91358
0.709233
-21.3684
-0.496595
-0.56625
2.4236
-0.604984
0.21628
0.409836
-0.239828
1.14213
0.208832
-0.439396
-0.925499
0.192205
-0.442067
-1.78038
-0.106823
0.159562
-0.205156
-0.465337
-1.00584
-3.12477
0.681264
5.10802
0.226395
0.190014
0.730348
-1.78662
-17.9607
-0.495399
-0.886292
1.02993
-1.71806
-0.143791
0.406186
-4.78738
-0.125518
-1.03336
0.429662
-1.2716
-0.0676677
-0.630832
0.299322
-8.01485
-0.197162
-2.3815
-2.76414
-0.96998
1.85223
0.942101
-0.033584
0.0581446
-2.98956
-1.28079
-1.14158
4.03442
-0.398438
0.188874
-0.430321
-0.292419
-1.68164
48.2918
-1.16689
1.3522
0.134416
0.729777
-0.915659
-0.176499
-0.168969
-3.4361
-1.07431
-1.85
0.338593
2.14921
5.4446
0.562471
0.0427006
-3.2413
-3.26333
5.74551
0.0403336
0.0753783
-0.210217
0.0452014
0.0334297
-0.0508038
-0.0420509
1.07837
1.09951
0.173899
3.46233
1.56235
-10.4113
-8.59629
0.118646
0.517326
-0.864977
-0.241273
0.0940504
-0.0830876
-2.40986
-0.212582
-1.42943
-4.54925
-0.119462
-1.78656
-0.211052
-0.443615
0.482854
-0.0333475
0.358873
-0.147352
-0.433468
-0.422947
-72.4099
0.779296
-3.17758
-0.322414
0.99563
1.31849
-1.8731
3.64829
0.627227
-0.243089
1.56307
0.602378
0.598195
-0.997039
1.19222
-29.8265
-5.76838
-1.17713
1.80194
-8.78992
-3.26652
-8.10088
-0.108398
4.80248
3.4772
-0.296659
-0.0259765
1.1346
5.96107
0.849259
-4.71803
1.06929
0.826589
0.15621
0.187088
7.52819
-1.90648
0.536223
1.38528
0.685464
-0.120377
-0.586655
1.45017
-4.18215
39.6116
1.61676
1.85657
6.39757
-0.0791906
-0.766527
1.74242
1.11274
-1.83351
0.11016
1.35749
1.61329
-0.120416
1.85561
-3.53736
0.208787
4.70275
-1.95964
1.8935
-0.0354501
6.57549
1.53798
-0.033888
4.53728
-0.0487098
-0.903652
4.86904
-0.603175
0.067491
-2.53538
11.7943
-0.412105
2.67014
0.443707
-0.226185
-0.273508
-1.11716
-0.356342
-0.55782
-19.5705
-0.437601
-0.36589
3.45892
-0.0299914
1.80057
-0.400703
0.0838645
-10.6736
-2.18217
-0.182822
1.33479
0.735305
-0.810464
-1.02935
0.78351
-0.0912826
-0.164679
-1.96307
-0.727632
-0.748359
-1.07988
-0.776134
-2.40728
-12.4634
-0.538869
-1.01668
0.73421
-3.19307
1.73834
0.694993
-0.773866
-1.51784
-0.45225
-1.22663
-6.59752
-2.12327
-0.642995
12.489
0.846457
11.9414
0.878535
0.279144
0.813295
-0.892829
0.427346
0.538862
-0.113359
-1.26757
-0.849358
-0.866376
-2.44684
1.53772
2.47091
-1.28515
-0.906503
-1.91014
-6.40104
2.5198
76.1505
-3.23264
19.7283
8.62066
1.83614
2.1977
0.376493
-0.0854113
0.154585
-0.294491
-0.39063
-0.685661
-3.56318
1.16413
1.13075
0.104278
-0.0651715
-1.21982
-2.34388
-8.96729
0.0164112
-19.5867
0.323222
0.839304
-0.466536
0.232542
1.75624
-70.7279
1.32035
0.184745
-9.94266
2.47807
-0.887303
0.151957
0.363265
2.94402
5.77864
2.30037
0.143074
-0.786195
5.92974
-3.08976
0.0450154
-0.306948
-0.0701652
-0.0527114
-0.951097
-0.616498
1.64996
-0.41927
-0.480208
0.0681429
1.07306
-0.505083
0.270942
0.76236
-0.767371
0.129159
2.16815
-0.298833
-0.901941
4.75128
0.0896344
-0.474017
-0.802742
1.52976
-0.290847
-0.881251
0.883659
-1.38099
-1.32142
0.207906
-1.01012
-1.23779
-28.5717
-0.39721
-4.34282
0.38153
0.971064
-55.1884
1.44161
-13.5376
2.33907
0.780377
2.38458
-0.767356
-0.541312
0.95391
-0.437142
-2.11372
6.30338
1.46485
1.99919
-7.32511
-0.738603
-3.1582
-31.734
2.90196
-0.1669
1.41017
-0.677302
1.51441
-2.71253
0.443256
2.26945
-0.946823
1.59922
0.705829
5.52558
0.145945
18.1121
1.43149
0.596595
-2.78205
0.909639
1.44067
0.970837
-3.04422
-0.814206
3.43573
-0.190813
0.891197
-2.64977
-0.0241477
-1.02962
2.50586
-0.402398
3.26081
-0.13026
0.811826
0.301876
-3.0411
0.463528
-0.97365
-53.373
-3.68415
0.294707
2.9288
-0.369269
0.567011
132.018
-0.626425
0.313168
0.233306
-0.451112
1.6664
-0.587525
-1.83603
-0.470185
-0.0349527
-9.57701
-5.41431
-0.388812
-4.79323
-2.01905
0.983757
0.10167
-0.299209
-0.468787
-0.885811
0.255987
0.3014
2.89125
1.36634
-0.709525
1.03273
-0.274432
-2.76615
-0.0721392
-0.351754
0.261125
-2.71499
0.247013
-0.556786
-0.02293
-2.77002
-0.545516
5.8334
-0.474056
1.68477
0.0993037
-0.482127
-0.164278
-0.252575
-1.01752
1.06917
-2.18476
6.02757
1.37493
-0.98766
-0.653369
-0.158972
0.612768
14.2488
-1.30246
1.78207
-2.21325
1.82707
0.157159
3.0867
0.0937437
-1.90699
3.51448
-0.111034
-0.754014
-1.32891
-0.986478
-1.5588
-1.28251
108.789
-1.39247
8.01896
-2.69599
-9.23089
-1.41975
-13.6244
4.43349
-0.941179
0.314168
3.4057
-34.7696
-2.21966
-1.05789
0.85709
8.1203
-8.18176
-0.460303
0.219515
-1.86771
-1.46816
-1.71988
-1.73223
-5.93857
-2.77293
0.980619
-0.912811
-2.88639
-0.83071
-1.95854
1.576
-6.41464
-0.0520269
0.492307
3.59859
0.96818
-0.360871
0.896004
-2.89502
17.102
0.497632
0.710775
0.348131
-0.925427
-0.553998
-1.20312
0.545536
-1.14386
1.86796
-0.105799
3.2708
-1.40416
-3.20273
-0.487302
-10.2533
-8.67008
-0.300491
14.4138
-2.60677
0.197571
4.20296
-1.31241
0.883084
0.346479
0.561367
1.08879
14.6949
0.0705677
0.833069
-0.698631
-0.0586547
-0.975722
2.11277
0.521299
2.35445
-1.00064
-1.18258
2.70928
0.605053
6.45025
-1.30646
-1.03396
-4.20512
1.94465
-5.54524
0.0880696
-1.86951
-0.705001
4.63998
0.615389
-1.76868
2.02219
-16.2775
1.91535
-1.6056
0.909697
0.877116
-1.68946
0.358889
-4.61759
0.350129
-0.932326
1.10735
-2.08272
-0.60776
-1.2649
-0.261053
0.408257
-0.577673
3.48167
2.56307
74.0997
-3.45284
-0.54647
0.12285
0.64058
-0.180809
1.23186
-0.264677
0.0452612
-0.829593
-0.70921
-0.128678
-2.07368
-0.732146
-0.800632
-1.54973
0.108111
-0.815169
0.800563
1.2593
5.90356
1.92073
-6.24159
-1.0305
0.855631
0.502099
-0.448474
-0.358056
-17.012
-1.10527
-0.870498
-0.933277
-11.9498
-5.82233
-1.54534
10.68
0.108962
-0.116916
0.0157526
0.736527
-0.0207637
-0.451325
-3.73069
-0.557215
10.4187
4.20143
7.97957
0.289349
1.74806
-4.27098
0.0986801
-0.0516454
0.343993
2.27932
-2.51043
1.26152
-0.68851
-0.610613
1.2392
0.282585
-0.343938
-0.611037
-2.14182
-1.91484
-0.811401
-0.144846
0.0447118
2.25613
1.00195
-0.522194
7.8143
-0.865149
0.18626
-0.648084
0.896464
0.577453
-0.34753
1.13886
-0.791146
1.10247
-1.29429
1.80846
-1.90006
-0.0293366
5.85543
-11.9974
-0.760249
1.0095
1.80552
0.100963
1.75596
47.9063
-0.89773
-7.06341
0.785311
-0.709256
-4.02569
0.0196955
-0.221629
-0.237093
-8.50635
0.013831
-0.313525
0.0724109
2.71077
1.84388
-3.18748
1.08521
0.60598
-0.444693
0.502965
8.67696
0.195186
1.16755
-1.25904
1.33457
-0.875509
0.813779
0.222905
-0.392524
-5.42747
0.439242
-0.165364
11.0223
-1.83748
1.11399
1.45243
-0.0545605
0.615321
-2.63408
-1.47533
-0.0349008
139.21
-0.460207
-3.21284
0.123465
5.84144
0.862597
0.656252
-1.80296
0.377196
-18.0814
-1.15679
-1.40829
0.778299
3.9651
-0.278796
0.582434
1.59766
24.245
63.9315
1.4837
-0.889688
-0.536258
0.424577
-60.3922
1.24119
-0.216023
14.7054
1.65419
-3.82564
0.650522
-0.584285
0.957359
-2.94251
3.15153
3.46952
0.394397
1.33402
-2.2221
-0.973775
-0.729347
-0.520856
2.41638
7.14955
30.6775
-0.526718
0.106107
1.4403
0.188532
1.18689
1.92402
1.0989
1.9322
-0.331836
0.440047
0.223706
3.04884
-0.683177
2.99944
0.957658
-0.409235
-1.4396
1.82726
0.0646842
1.80845
0.38194
5.56063
-0.601975
8.79968
0.107313
-7.7176
0.00111013
-0.961406
-3.49159
-0.702504
2.1412
0.0873211
-1.68128
0.303889
5.94921
0.607187
-8.30952
-2.64178
-0.305544
0.392158
-2.36897
-0.937351
-2.53642
-0.458354
-0.134726
0.168929
-2.60828
2.65635
-0.328439
-6.96765
-4.44155
0.0767894
1.81858
0.35843
1.66573
-11.0575
-0.632588
-2.7816
1.02835
0.543686
-0.914435
0.0839906
2.86283
-0.985382
0.244799
0.882651
-0.112915
3.00048
1.96599
-0.928663
-0.493374
3.18207
-0.506776
-2.96205
-6.12155
-0.417968
0.657156
-0.589374
-0.450077
-0.631624
0.566323
-0.652675
-0.608764
1.12737
-0.0915546
0.519185
0.634091
2.4564
1.25935
-0.0266934
-0.0218498
-0.211652
-0.179662
-0.161613
-1.12118
2.65051
-36.4876
-0.546645
0.0867412
-0.316791
-1.54389
2.80357
0.207929
2.19602
-0.512976
0.57363
0.707116
-2.6186
-0.525543
-0.803733
-9.7626
0.127228
-0.193475
1.14137
-1.55793
0.408403
0.570244
3.2923
4.83598
0.881338
-5.50838
2.74566
-3.50266
-1.22715
-1.00718
1.43536
1.23915
-0.959278
1.4828
-0.867069
-2.99019
-0.0555911
4.71218
1.46092
-0.720968
-0.577321
-0.288906
0.388373
-0.592707
-0.854719
-0.880925
-1.41931
2.25601
0.192672
0.406669
-1.63814
-0.119045
0.654903
0.481971
0.150828
-0.140733
0.617841
-0.955194
0.978814
-0.559418
-0.841472
0.310198
-0.190746
0.37791
-27.0743
-0.206388
-1.43655
-1.60162
-0.0300897
-0.599714
1.30863
-2.05758
-0.4878
-4.11659
3.89153
-4.37858
0.0638123
1.9033
1.08643
5.40947
-2.50298
-0.54412
1.14852
0.822886
5.07626
-0.505382
15.7869
-0.968797
18.4416
0.826876
-0.957801
-1.2149
-0.235248
-2.69094
2.32461
-1.42258
-2.8772
0.801655
1.21224
-0.0847647
11.8963
0.614615
-0.8323
-0.472959
-0.399198
-0.938371
-2.50334
2.66792
0.421659
-0.910918
1.6525
0.626866
2.15645
-2.49774
4.13159
-0.551781
-5.41747
3.67201
0.525133
-1.19597
-0.86621
0.0963398
284.139
-1.14099
-15.993
-0.626669
4.51036
-1.37701
0.0166027
0.0679568
-4.27767
-1.61251
2.46599
0.441974
-0.901824
-0.11946
-2.19074
3.01812
-0.308463
-1.61979
-0.815986
-0.354772
68.2056
0.260626
6.60808
5.93061
-1.41872
0.688876
0.864134
-0.92579
0.511
0.698462
0.8423
-0.616914
0.704691
-0.527089
2.58755
-0.119979
0.437584
1.98865
0.752485
1.61263
-0.100945
-2.04015
-4.92005
0.943553
-0.0861248
5.34534
0.862529
0.023291
0.97751
82.368
0.748339
0.8922
1.02816
1.12985
-0.575843
-0.524205
-2.60319
0.00684437
-1.01774
-0.675421
0.28247
-39.5229
-1.98179
1.1313
-0.406783
-5.07319
-0.272748
-5.58035
-0.26367
-1.28547
0.301069
-0.640524
0.253986
-2.80764
-1.54294
-1.1705
-1.6843
-1.36677
22.2475
1.26909
-0.363052
-1.2652
-0.972827
1.24105
-1.55922
-9.19752
7.34647
-2.02417
0.71581
-0.559926
1.81499
-0.429991
0.513271
6.88426
0.896261
0.113152
-4.48969
-3.24656
0.126388
1.39494
1.8574
0.903315
0.33918
-0.930933
-5.17002
0.800531
1.36817
-0.195701
-1.74748
-0.415306
-1.6185
1.0324
0.632651
-1.46339
-0.211703
-3.446
0.552966
-0.0322081
-0.171041
4.06969
2.20115
124.493
-0.650302
-2.21749
-19.5177
5.25727
-0.515798
-0.697766
-3.38545
-0.59199
1.7889
2.95607
-0.112042
0.148318
5.66692
-1.1384
-0.62856
-0.204418
-2.10103
2.35347
0.848136
0.361938
-0.0397045
1.01868
-0.242428
2.37364
-1.17431
-0.685544
-1.69946
-0.92365
1.43382
16.7839
-0.166996
-0.238722
-0.881404
-0.558523
0.203677
-2.46224
-16.2063
0.612593
0.56273
0.407946
0.371918
-0.589783
-0.468156
0.263399
0.688045
2.78806
0.857585
0.797608
-0.965695
0.231249
0.835114
-0.122203
-1.22385
1.29761
0.914592
0.628149
1.80302
-1.21056
-0.653214
-1.45116
0.75492
-0.405218
0.303568
-0.0825557
0.201419
1.15853
0.237536
-2.89758
-0.97844
1.3125
1.26348
0.506266
0.493413
-10.5305
-0.561671
0.628263
25.0585
0.162756
-0.403635
-3.03935
-0.84016
-1.26562
-0.804318
0.579296
-0.904861
0.112375
-4.04364
0.257187
0.225484
-1.99104
-0.0229302
4.35267
-0.00147571
-1.37094
0.939219
-1.04023
-0.457304
0.817915
1.38295
0.0327519
1.39144
1.98731
-1.07211
-0.38173
0.633508
-0.87089
1.18554
54.7456
-2.71596
0.78378
1.965
-0.180006
0.693528
0.709434
-0.534276
-0.100575
-0.613575
-1.74957
0.0678772
-10.7606
-0.347845
0.943573
6.60749
1.60516
20.3383
-0.87848
-0.521169
1.50544
-0.273624
1.58654
5.03886
6.7107
-0.242366
1.57132
9.74851
2.2296
2.93235
-79.7898
-0.0334053
-0.239978
1.34994
1.87503
0.121263
-4.79023
1.20925
-0.206949
-0.909604
-1.61636
7.74868
-1.68789
1.18763
2.2647
0.66982
-0.246262
0.0460087
-0.173092
-0.0811602
1.25573
-1.63891
-0.500866
-0.988785
8.94971
-3.80769
-0.884113
-0.0113604
0.764759
-3.21427
0.825466
-3.71833
-1.05604
3.35019
0.16853
1.60918
0.742414
0.237334
1.8396
-0.176683
0.357176
0.734002
-0.607109
3.44612
-1.5179
0.0634096
0.0127549
0.0965439
-2.60197
326.042
-2.87017
0.525814
1.24097
-2.25398
2.25029
-4.05793
1.89767
-1.35131
-2.32376
0.686514
-0.00294027
-1.58326
-0.482947
0.578559
0.330526
1.63032
2.64592
-0.0372821
-3.55851
-0.69564
1.33742
-1.13368
0.830953
-0.698791
-6.21494
-1.1839
-0.139154
-0.570364
-0.523044
0.023941
-3.03096
-0.729689
3.34577
-0.119293
3.36357
0.932662
13.6946
0.24146
2.072
-2.54337
-0.257027
0.00611733
2.71272
-0.113075
-4.63484
0.424833
-1.55787
1.58365
-0.0508958
11.8244
2.69032
-1.00756
-0.169402
-0.136407
0.429984
-0.27556
-0.210337
0.211638
0.26996
0.571005
11.0178
0.262374
-1.71451
4.24608
1.28487
0.612381
-0.0645201
-0.0353004
0.368869
-24.1491
-3.1098
-2.33363
-0.741698
0.469607
0.584678
-2.43466
5.16681
0.0730394
0.624735
-0.534949
-0.365624
-2.1119
-1.80837
1.0949
-0.144934
-0.487842
1.19052
-2.19464
1.63022
1.37701
3.36178
-1.35789
-1.81069
-2.51217
-0.896007
-0.23875
1.35915
0.69221
2.10359
-0.904141
-0.786644
8.85606
1.20446
0.148058
3.21916
-8.05611
-0.189394
-0.0398831
-0.32207
0.309827
2.41948
0.844702
0.232698
1.42511
-0.256047
2.78182
0.441829
-1.28686
-0.0167139
2.13964
14.9481
1.11865
1.71577
-1.22925
0.890803
2.4353
-0.889583
0.91135
0.541289
0.105469
2.31883
2.38719
3.02977
-0.39079
0.0548648
0.599033
-3.91673
1.68534
-0.725015
-0.591522
0.730496
-1.88934
-0.0254065
-1.87423
-0.208951
-2.80894
9.75436
-1.36728
2.74685
-1.8016
1.21042
-0.250339
-0.539401
-0.0562681
0.584965
-2.05124
3.08031
-1.71711
-4.73521
1.37365
0.73485
8.75372
-11.9623
-0.940033
-0.243695
0.161244
-0.464062
-0.163742
0.44387
-3.60194
-14.9855
-0.0825059
-17.7186
-0.182506
-0.0273716
-0.278211
1.58448
-0.162706
-4.61261
0.295523
-1.61863
0.561298
-0.625678
-3.2816
0.11357
2.74332
0.807956
-1.50759
3.31501
0.619871
2.26155
0.541531
-1.72496
0.360687
0.585798
3.94261
1.24514
6.46828
0.472657
-0.62656
1.61553
2.50616
0.485762
1.01114
4.845
1.00377
-0.675446
-12.4156
10.3862
6.22448
-3.21373
1.75728
1.53415
-2.54906
1.26085
-0.974775
0.380371
-6.73045
-1.59558
3.421
1.26759
0.0903655
-1.28782
0.569903
-0.59372
0.537096
0.205157
0.34329
0.431234
-21.0592
0.0126915
0.573284
-0.687797
0.304627
0.328088
-0.386076
-17.5658
-0.386033
9.84528
1.92051
-1.14251
0.337022
-14.0535
1.64066
-15.9372
-0.167004
-1.3746
7.48245
-3.38789
-4.2109
0.460547
3.21989
-0.474163
0.355896
0.443744
7.84043
-0.951917
-41.7966
0.493155
-0.754822
-1.01422
0.930953
1.50854
16.6413
34.8528
-2.48976
-14.3081
47.1911
2.85506
0.324564
1.67055
0.529557
0.753342
-7.03214
-1.79621
0.360646
-34.2475
0.0709959
-0.345726
-7.62208
0.232467
-2.50546
0.350742
-2.4601
0.43505
0.982068
-0.217434
0.196807
-0.691388
-2.23913
0.223968
-0.346879
0.134976
0.0425094
0.553837
1.07643
3.93667
1.87857
12.1017
0.542316
0.670458
5.60579
3.05952
1.16084
-4.1388
3.11551
-1.61511
1.18471
-7.53978
0.283218
0.510216
-0.260137
18.9857
0.339907
0.985868
1.45942
-7.28431
3.36191
-0.527763
10.7779
0.323875
2.23997
0.78095
-1.21671
-0.951135
-3.59423
-0.474012
-0.580693
0.33562
2.12152
1.83111
-0.789321
-0.95579
0.0878814
-1.31606
1.00145
-0.328033
-0.53092
-3.6449
-1.3152
0.026487
3.75246
-1.81754
-0.573199
1.10392
-1.48788
0.701613
-0.163195
1.58022
0.401305
-0.204376
-1.49152
0.534316
0.995987
-97.6654
0.401819
-5.79008
-1.33326
1.29075
-26.3347
-0.17026
1.07993
2.16848
-0.280321
-16.7606
0.660625
2.07245
-1.31802
0.88993
1.03199
-20.1909
0.356935
-0.801749
-0.320145
-2.16056
0.112645
1.85157
6.18459
-0.536221
-0.325015
1.19364
1.54879
0.619027
1.33454
-0.0299077
-1.7307
-0.182416
-4.14315
3.9438
-0.0950948
-1.32578
1.23104
-2.55768
-1.91736
-0.042921
-0.885161
0.479863
0.261499
-1.8833
-0.605786
-0.557044
3.57509
0.768321
1.68366
0.0696127
-15.1581
0.210201
3.59627
1.08443
0.208471
0.354751
1.13404
-1.5199
-0.488126
-0.83749
-0.480338
3.1717
5.38115
0.907986
-0.769741
-0.458627
-2.13868
0.282769
0.21125
-0.162068
0.491644
3.97386
-0.0798064
-2.6696
0.474724
-3.00377
-0.684911
-0.603702
-0.305334
0.187116
-3.87117
-1.15037
-0.0627042
0.909031
-22.3449
-1.05039
0.00763705
-1.2514
15.0213
2.22986
-0.571515
0.280357
-2.74602
-0.365878
1.42051
-0.283842
-0.116929
-0.060363
-0.878131
0.0835479
9.40409
0.255164
-0.587711
-0.054523
-0.775454
3.7783
0.48274
0.353536
2.30658
-2.54088
0.66668
-0.338208
-0.393154
40.8109
0.762706
-0.105118
0.336312
0.687657
0.53283
-1.29412
0.915908
-1.17916
0.0942139
0.571402
0.614475
0.130077
-0.177186
0.043464
-3.02864
-0.57729
0.742539
0.104529
-0.207046
0.752621
-1.26966
2.68387
1.85221
0.35196
4.03766
0.621907
0.519467
0.819993
-3.34088
0.269947
-1.20512
-21.989
-0.474256
-7.31874
1.36485
-13.4505
1.04978
0.160826
0.0107503
-2.60093
-0.054207
-0.232438
-7.848
2.27567
0.655227
-0.722644
0.00739481
0.972916
0.287064
-1.04444
0.827835
4.57263
-5.41575
2.02029
4.1361
-9.33924
3.60402
-0.29466
-0.0241599
1.17587
1.55489
1.77276
-3.45625
-0.762119
0.8252
-0.781836
0.19268
0.15556
-0.992604
-0.281986
-0.27415
0.39165
-16.088
-0.529533
4.26921
1.9393
0.0677515
-1.69014
-6.75293
1.26023
1.05203
-1.04299
1.31795
4.6048
-4.96257
-0.395338
-0.448945
-0.105275
6.75633
8.69252
23.3649
-1.40013
-1.35108
1.53224
-6.91163
0.0535767
0.110591
-0.912631
2.60566
-0.553924
3.8373
-0.942541
1.48144
0.360843
3.58646
-3.36326
-9.34484
-3.7228
1.25345
-0.074413
-0.642436
-0.909361
-0.291329
-1.45013
0.882254
0.33462
-0.33087
-1.10548
-0.331187
-2.52168
-0.335764
-2.58935
-4.36867
11.1744
0.705196
8.73253
0.475516
0.558591
1.04874
3.04017
0.720383
-3.00439
-0.173501
-1.473
3.37743
0.299033
0.489389
2.42468
1.20143
0.574924
3.37581
2.86251
1.44219
1.47805
0.181279
-2.44922
-3.31947
10.4603
5.57378
0.765609
2.05623
2.16436
1.04734
3.75054
-2.46369
0.220178
-4.07751
3.51208
3.33171
-2.80499
1.17825
0.770137
-1.25476
79.1917
-0.61382
-3.72458
45.1487
0.828807
-1.69521
2.06712
0.542183
0.0106086
2.62829
1.63971
2.66764
0.445645
-1.92163
0.197256
0.495684
-0.0412212
-1.15478
0.430329
-2.62521
-11.9277
0.518589
-1.12095
0.207405
-0.470998
-13.5717
-1.40538
-2.03229
7.67003
-2.43689
0.00453092
-3.05466
1.00492
-0.0461973
-117.744
0.450226
-5.8665
0.744555
0.230202
-0.372014
-1.29422
0.360108
-0.450042
-0.210464
0.212374
-0.684175
2.61472
-0.0509432
0.0922289
-12.0818
1.03115
-2.56228
-0.41707
-1.04086
-3.39886
7.40061
-7.13147
3.96366
-3.95768
-3.34445
-1.33352
0.464905
-2.50535
-0.387119
5.6234
-1.34789
-3.26814
-0.585469
0.431972
-9.22577
0.551673
0.107209
5.34159
-0.598202
-0.304458
-4.04992
-1.02825
-2.39612
-2.21868
-0.393238
-1.60697
-13.1409
2.65664
1.4618
3.2107
1.19964
-3.09613
6.89516
0.539323
-0.53879
-0.866852
-0.761405
-4.65723
-40.8286
0.74103
-0.472086
1.24615
-1.49514
-1.01686
4.84432
1.26999
-0.525222
-0.90304
5.19835
1.04718
1.81699
-2.49624
-0.515521
-1.64872
0.0715551
0.683173
0.147498
0.358694
-4.00081
-0.14345
-1.02913
0.134486
-0.741456
-75.5178
0.30618
-2.0676
-1.1808
-2.28654
17.1772
7.0613
-2.11314
2.07075
0.224473
0.41991
-1.0404
-0.464392
-0.350493
-1.63015
-0.491171
0.252477
0.0620465
0.0613444
4.72967
0.273582
-2.503
5.60136
-0.560212
-0.401297
-4.02239
-0.582733
0.362994
-2.08238
-0.98052
0.0173232
0.519097
0.805405
-0.734147
-0.034474
-0.0487654
-0.281284
10.022
1.11154
-2.87817
1.84522
3.91218
-0.364749
-2.90169
2.6314
290.883
1.1057
2.40851
-0.333989
0.105326
0.680381
200.492
-0.12683
-6.00208
-0.693085
0.931351
0.361261
0.593862
-1.89089
0.2061
0.4167
2.3988
-0.714391
-0.24258
-0.680216
-0.169051
-9.96694
0.466428
-0.868848
-13.6544
0.795458
-1.50859
-0.79679
-0.726241
0.328815
0.29756
-1.21286
-3.06538
3.33434
-6.93556
-0.420604
0.101728
9.24089
-1.66333
2.84826
-2.83385
-0.186662
0.147623
-0.660706
-0.190675
0.970452
0.312487
0.296191
-1.65762
1.51253
2.83382
0.231891
-0.68271
-0.565087
3.13482
0.759285
-4.31158
0.171211
-2.19514
1.69762
-7.11083
0.834666
0.233575
-0.438963
-0.776244
-0.554778
-0.857415
-0.456732
1.68962
-20.83
0.552796
-0.478545
-0.994536
-17.2044
0.135607
0.441922
-0.775084
-1.18683
0.540405
-0.299055
-0.916555
1.87567
3.03481
0.170608
-0.730641
-0.569828
1.95786
0.393718
-0.190887
2.5099
0.744782
-0.67919
0.0307341
-1.19829
-26.7787
-0.155308
2.43249
-0.982759
323.952
1.96154
1.0019
-2.27179
106.532
-2.79699
0.898132
-0.884908
-5.30994
1.1543
-0.324341
0.564229
-0.642935
-0.131985
-2.31398
-1.07701
-0.0537886
-0.124462
-1.80708
-0.791508
-0.164658
-1.02541
-14.3768
-0.448047
-0.820131
-0.0547398
-0.822779
-18.428
1.55763
-0.0298067
1.70914
0.894978
-4.05979
-3.4273
0.430783
2.00848
1.09952
-14.2115
0.0451141
-273.77
-1.58318
-1.33253
2.40647
-1.02125
1.78927
1.33289
2.03054
-1.29512
0.775791
-2.23426
-2.3183
-0.490327
3.84219
-21.0808
0.228527
-11.8416
6.57449
1.94963
0.917902
0.30447
1.0091
0.565117
-7.75775
-1.36612
0.139763
1.05937
4.88868
-0.035703
0.331834
0.278445
-0.103877
-0.146874
1.6007
-0.455193
0.588581
-0.761114
-0.580771
0.358996
-0.0995592
-3.14261
-0.0242804
0.573644
0.469075
1.38582
-4.49566
-2.63321
0.186891
4.0505
-0.00107754
-0.893249
-0.068337
-7.87577
9.26393
0.634451
0.128438
-0.0171129
-4.36248
0.202161
0.341194
-0.597685
0.364501
0.10158
-1.75118
0.424067
-2.18337
-1.30051
-0.788253
1.56838
-0.211226
-0.541095
-1.67663
-0.0549549
0.147262
6.87385
1.32349
0.872969
-0.342353
-0.0854892
-1.06982
7.13273
-1.90318
-0.540403
6.80724
0.054667
0.62554
2.95604
-0.877318
-1.26084
-0.769123
-2.91113
-0.824801
0.455016
0.457003
0.856625
-2.23866
-1.39709
1.49405
1.36706
-1.44865
0.0200397
0.140046
6.10911
-1.24902
0.744249
-0.175292
-1.30747
0.212693
1.09203
-4.30304
0.199978
0.295449
0.779577
-1.98063
-0.667187
-0.733951
40.254
-0.982556
2.75664
1.20947
0.580141
-5.28405
0.27543
-1.53742
1.16692
0.175778
0.118111
-0.299804
0.685918
-3.83685
2.30067
-13.7998
-13.0284
0.00275513
0.71514
-2.00809
-0.556534
-0.672615
-7.92103
-0.651631
-0.22347
-1.15471
0.138417
0.980195
0.103688
57.9159
0.71177
-0.830719
-1.54738
0.206684
-4.97626
-13.4112
14.5814
0.159483
1.19101
1.92453
0.200978
0.384812
0.363343
1.6714
1.95525
-10.5403
-9.46012
-0.540932
-0.170505
-0.436124
0.547447
0.847895
1.2802
0.158044
-0.345803
-0.198364
-2.61977
12.592
1.19907
1.67385
-9.97643
-3.04686
-3.34882
0.318521
-0.0829918
-0.0662944
1.35753
0.100407
-0.346885
-0.0167769
2.10147
-0.104592
0.808221
0.224783
1.04577
-3.33929
0.602217
-0.578757
-0.13559
3.19911
7.12387
-1.16961
-0.80271
0.160431
0.441537
0.225244
-0.914738
4.49731
5.11217
0.0800347
-0.643633
1.80204
1.81695
-0.584857
0.233554
-6.93659
-1.83722
0.480837
-0.0183119
-38.3134
0.79027
-6.27442
0.558899
-1.9144
-2.63573
-0.803166
-1.48194
-1.76564
3.06047
0.0983283
-6.54023
1.15351
0.937262
0.234058
1.3155
3.33272
-1.24293
-0.438862
-13.6438
-0.0372311
-0.293653
2.4839
1.71988
0.283685
-1.79965
-2.02888
-1.61392
0.992461
-0.686235
-0.485146
-0.703083
-0.865499
0.666619
-3.39506
-2.86034
0.716534
-0.0157014
-0.472116
-1.42661
4.20139
-0.792998
1.39604
7.58016
-0.973239
-0.427836
1.95547
-0.0505962
0.279034
6.35531
-2.22981
-0.0632038
1.21829
0.266825
2.11177
-0.0542532
3.10532
0.956769
1.86571
0.298125
1.23884
1.92009
0.395745
0.866572
0.836052
-3.48278
-2.03254
-2.24214
-0.120238
15.7477
9.83425
1.01949
0.350182
1.80489
-5.38839
0.109757
-5.89959
-3.664
-0.293587
2.97008
5.8269
-0.424812
-0.957132
-12.6145
-0.176534
-9.83354
0.213684
4.19167
20.6514
-0.857754
2.29859
-1.13802
0.255892
0.497631
-0.136333
27.4988
-1.34471
4.20314
0.953445
-0.0651285
1.35745
0.61614
-0.224573
0.452913
-0.60383
1.33307
1.07725
1.3481
-0.897502
-6.15451
3.67083
3.96308
0.81832
0.374149
6.39382
34.8855
-1.45923
-0.517427
-0.325193
-1.61991
-1.55206
0.706364
0.201831
-3.30375
-0.27262
-0.779425
0.715551
4.21026
0.946979
0.817545
0.696889
-0.0398515
1.03394
-0.835589
3.57245
0.393006
23.0945
-0.517448
4.38972
-0.280675
0.0780319
0.78674
3.42608
-1.14547
-0.356725
0.0209881
0.675597
37.1422
-2.30546
173.223
-40.3718
-1.02242
0.103467
-0.0253008
0.239902
-0.503448
-1.7385
-0.672899
0.241945
1.24704
-1.93772
2.61898
0.192418
0.108193
8.38969
0.152457
-1.91702
2.62875
0.407448
3.24334
0.201817
0.366138
0.0468741
-2.75382
-0.59092
1.67671
-0.266033
1.20259
-0.298635
-1.40251
-3.95233
4.23065
1.72805
4.524
0.789082
-0.197447
0.790948
-0.239764
-2.4519
-0.972203
0.85473
-6.6929
3.77723
-1.42956
-0.600074
0.659235
0.135188
-0.603425
-0.0279775
0.248132
0.278775
-0.340486
-1.57176
3.80383
0.482828
-2.25663
-2.41678
-2.94586
1.50743
0.419028
-0.708574
2.07961
-0.159982
-1.56285
0.254639
0.497124
0.728431
-2.39426
-1.54872
8.14903
-4.45794
0.571351
0.523507
2.53259
-8.43458
0.166483
-0.591279
-0.183745
0.00526446
-77.5343
-1.63881
-1.1473
0.794585
-0.234357
0.227614
2.37832
0.691103
1.36862
-0.96074
0.0425538
20.1465
0.153296
-0.397755
-2.34321
2.5319
1.21639
-0.704517
-0.898122
0.602652
-0.0716631
-1.17381
3.29034
0.369174
-3.06528
0.842773
-8.2681
1.67307
-1.20243
0.186158
1.40403
0.202699
4.62843
0.773217
-737.655
0.133769
0.104001
-0.460525
-0.449795
0.63845
2.82389
3.8539
-0.656281
0.217793
0.435549
2.36034
22.9221
-2.58674
-149.701
-1.12738
1.1401
-0.347111
0.213868
-1.44515
1.13472
-0.257578
-0.00800102
-2.64653
-0.287189
-0.10021
-0.268352
0.737519
-120.37
-1.54272
-1.72655
0.0596341
-9.58035
0.785151
-0.608379
-1.99741
0.939735
2.13521
-2.85176
2.23478
1.6649
0.552898
-1.21952
-1.44862
0.499189
1.3243
-0.648954
0.870687
0.0407942
-1.52058
0.811046
57.0309
2.26028
0.0286765
1.36003
-0.160751
1.17488
-0.717974
0.053251
-0.554491
-1.71403
-11.4979
-1521.26
1.94316
0.0253576
-2.38337
0.680385
3.33111
-5.59351
0.361049
-0.549587
4.19256
2.39342
0.875925
0.838192
1.18173
0.953271
-0.693642
-1.78431
0.858312
-0.979721
0.536066
-0.495735
0.231538
-0.0800088
0.218748
1.51028
2.7448
0.547333
0.998338
0.75737
-0.638294
-0.362015
-0.73159
9.9442
-5.26757
-1.83208
0.250726
0.815928
12.7452
-4.67543
-1.98944
-0.0975041
0.209177
-0.257507
-0.68033
-21.0078
11.6936
6.03665
-0.023771
-4.38269
-10.8761
3.49615
0.696194
-2.62402
1.80169
-0.305043
-5.82342
0.866253
0.125775
-0.200192
2.4953
1.29966
31.5959
0.0181551
6.93914
-6.99039
-0.523747
-0.99751
0.138701
0.89387
0.333731
1.02353
-0.343132
7.06097
27.8533
1.13191
0.255832
0.279808
0.170573
-0.0890371
1.00284
-0.488456
-0.571378
-0.848029
3.43642
-0.347653
0.0676731
-19.3351
0.263376
0.7275
-1.74739
-1.82851
0.858419
21.604
0.283824
-0.960443
1.28605
3.96541
1.9488
6.45127
4.09565
7.56784
-38.3749
-1.01408
-0.253292
-7.4403
0.28539
10.7623
17.6117
0.50954
1.44777
-0.276425
0.227081
-2.62511
-0.289374
1.38181
0.528784
0.31136
3.02787
-3.38068
-1.21721
-0.104758
1.65451
3.91352
0.0210515
-1.19476
0.364715
2.05531
2.7963
1.14881
-9.97653
0.0912123
1.03392
0.0107819
0.7873
-0.069344
0.378692
-0.412421
0.072869
-0.352383
1.64468
2.85587
-6.48676
0.147502
-0.688675
0.863127
1.04278
0.990273
0.104987
-0.61388
3.14968
-0.11687
-41.7665
18.5638
-0.754963
-0.134669
-2.58203
-1.92881
-3.63961
-0.878651
-4.25438
0.43213
-0.473155
1.12742
0.120707
0.155768
1.20723
-0.548649
-0.0403458
-0.920502
-1.05586
12.5169
-0.240904
-0.480552
-0.496849
0.419244
-3.35435
-11.187
1.38719
0.609136
-2.03212
0.282756
1.50571
-0.371126
-1.12732
0.138918
-76.3054
-0.853925
-0.497549
5.61817
-0.330163
5.35326
-0.667385
-0.244452
3.49709
0.499762
-0.636771
-0.648504
-1.46173
0.76406
0.26532
-1.11501
-0.741341
0.410631
-0.478485
0.894836
-5.46615
-1.13307
4.58162
0.821003
-96.9881
-0.644866
-0.390895
0.979978
0.146654
0.676785
0.350823
-0.296182
-0.108751
-0.466025
-18.082
-0.395184
-1.6148
-0.178216
-0.938004
0.545952
-0.120426
0.400858
-0.0729097
-3.74542
-16.0331
0.164199
-0.798394
0.0704997
4.36298
-0.961067
0.652175
0.732548
2.04794
0.949752
-0.333546
-0.649176
-1.32679
0.423738
-0.57327
-4.59415
-0.727029
0.0440802
1.77185
-0.756178
3.06059
1.00893
-0.440452
1.06285
0.0443602
-8.68929
-0.452953
-1.91956
0.732175
-7.94743
2.10483
-1.84969
-0.467887
-0.544334
-0.747365
-2.15536
2.12871
7.19158
0.218393
-0.898123
1.91358
0.833494
0.291453
-0.127728
-1.81774
-1.09211
4.15793
5.81291
0.497826
-1.48058
-0.656471
-0.223225
-5.18901
7.1137
-0.124108
-3.70846
0.967255
-1.1172
1.36678
1.84837
-1.23217
-1.55639
-28.209
-0.68702
0.834019
-1.73475
0.29987
-1.45961
-0.858312
-3.6794
-0.685533
-0.920553
-1.56968
-1.9589
0.335575
-0.270636
-0.501107
-1.853
-3.43441
0.929181
3.34594
1.17895
0.206224
1.55587
0.494241
-1.78068
-4.04443
-5.92208
-1.50665
1.57755
-0.258291
-0.633575
-8.59495
-3.70062
0.148004
12.626
-0.214605
12.6359
0.222359
-0.256124
0.0841007
-0.26166
1.82936
-1.87567
10.2547
-4.12963
0.0891365
9.85016
-3.11971
54.2605
2.534
-0.632205
0.271574
0.647728
-0.528817
-2.38371
1.19467
-0.153964
-0.324884
3.42344
0.0333052
-1.36425
3.51569
1.21199
-0.961905
2.22321
-1.09772
1.5447
-0.784631
0.486583
1.3268
0.770551
-0.372036
-13.9383
-6.09213
4.53896
-2.23173
3.86906
4.97625
0.0565755
-5.05687
-0.649705
3.70198
0.230636
-5.87792
-2.86658
-16.9472
-0.300297
0.775351
-0.597539
-2.64823
2.31592
0.0953328
-0.194631
-0.542239
-1.35201
-0.11568
0.456641
-5.50797
-6.13266
-3.14029
-0.28433
-0.450463
-2.00491
-0.659952
-1.24788
0.777377
1.32489
0.322441
-1.09787
0.954796
-0.0517873
0.786992
1.40118
2.55456
-0.390441
-9.2785
-0.206452
-0.215946
-1.29587
-0.0900457
-0.551258
-11.67
-0.661575
0.250384
0.239417
-0.216373
-4.59114
37.9642
-1.20965
2.10879
-0.271562
1.34705
-0.191111
-0.968177
-0.0446069
-0.24991
0.969034
1.27289
0.85318
19.8294
-0.22426
-10.1703
-0.101397
0.396463
-1.42444
112.823
-2.94634
2.07213
2.70493
0.631775
-0.317313
-1.24868
0.39153
-1.11922
-2.38386
0.666647
-0.0646727
-0.104233
0.587186
-1.77196
0.647438
-3.80887
9.89178
-0.218169
0.966272
-0.906215
-0.316285
-2.27636
-1.23541
0.27597
-0.571728
-8.15725
-1.65076
-0.961735
-1.1662
-0.0734444
-0.490804
0.773355
-0.123806
0.766682
-0.614885
0.117433
-3.31209
0.0906192
-0.122533
-0.745622
0.897378
3.84409
-113.241
2.59578
-1.14642
2.51074
-0.976397
-1.00154
-0.371667
1.32274
1.79522
-0.446165
7.47458
-0.418742
0.947593
0.850187
0.88854
-0.137666
2.08329
1.26811
-3.1914
0.651314
2.04468
-0.813148
4.0227
1.95385
2.02578
-0.940102
1.06861
-0.302179
3.00476
-1.06658
-5.46363
0.0590749
-0.668045
0.744603
-0.61594
-0.291224
-0.579993
-0.150836
-11.8865
-0.407323
0.475772
-0.475331
-0.491333
-0.475541
-0.445016
-0.765671
1.12376
0.495701
2.43709
0.445297
-0.35005
-0.438931
-0.0968711
0.530061
-1.06916
0.0984981
-1.16043
-0.247911
-0.0886966
-0.932244
-0.395034
-0.420553
0.236789
0.649302
-2.0533
0.110902
1.34573
3.85051
-1.91872
0.173334
-1.40246
0.330042
0.488224
-0.242147
9.4998
0.376205
0.594983
0.0390626
2.95141
-7.19171
-3.3918
-0.305722
0.766221
0.66908
-0.914269
1.15437
1.95626
-0.0787582
0.766705
-0.547484
0.675765
1.40865
5.9987
-2.64615
0.363856
-5.69719
0.511436
-0.0741998
-2.99447
-1.14704
-1.92214
-3.41847
0.886514
-0.988152
82.8508
-1.76047
0.465757
1.79738
-1.10316
1.11929
3.80621
-4.94601
0.00312544
3.16901
-0.529379
23.0405
1.13958
-0.438647
-1.2579
1.41046
3.64108
0.403387
0.553883
1.59993
0.175084
-0.356118
0.151331
1.4525
-0.827809
-0.104711
1.59146
-0.442532
-0.166234
1.06574
0.479755
1.63356
-0.432921
-0.00678208
-0.300958
1.61265
14.3504
-0.33488
-1.50451
0.377037
-0.577772
0.546048
12.98
0.735222
0.234423
0.354699
-2.30255
-0.971099
-0.0511775
1.08224
1.70061
0.445354
-0.921016
0.657229
-0.0140868
0.0765777
4.00114
0.867807
2.13121
0.0409842
-5.58398
-0.958052
1.66272
-67.6846
1.11951
-28.1816
-0.114996
0.0494418
-5.34159
-0.456932
1.72863
0.364752
-0.348385
0.793665
-0.703988
-4.259
-8.85087
2.58062
1.40006
-0.462555
1.388
0.0457586
-2.93927
2.93056
-7.9312
-0.855891
5.13478
0.908677
-8.02465
-1.80518
0.395633
0.902423
5.06649
-1.3737
-2.20482
-0.851256
1.18988
2.96522
0.927218
-0.419979
-0.814253
0.173951
-3.48132
1.21954
-1.2579
2.72992
-0.519912
-0.447787
-0.237168
4.4709
2.06372
-0.115433
-1.13257
-3.02116
0.0512658
-0.655389
-0.289415
19.4462
-0.371278
0.0325396
-0.990577
3.72384
-0.256499
0.29847
-0.514287
-0.0677118
-0.0434123
-1.83707
-1.53675
-1.87321
0.296253
-0.734262
-3.75035
0.56697
-1.08864
1.72119
4.47872
-0.807819
-0.826371
4.79161
-0.447156
-0.365968
-0.602221
0.207547
4.94459
-1.25503
-1.02156
-0.662319
-3.25284
-0.827396
-0.561883
5.33306
2.01536
-0.76803
-2.71516
-0.774293
0.270485
-45.4047
23.1946
-0.458691
0.806115
0.0669829
-0.57765
-60.976
1.23354
-1.5812
0.27539
-0.439898
0.465551
4.51696
11.7187
0.215521
-1.09602
-0.846394
0.97534
-9.00588
3.53374
1.76905
-1.18174
-0.981435
0.398234
1.41983
0.383212
-0.101635
0.875246
1.07936
-2.08584
0.258893
3.61298
-0.706511
-10.425
-1.05405
-0.293997
1.47844
-7.7749
0.0376148
-1.20749
0.650252
-4.99446
0.37658
-0.450845
-0.841725
2.32216
-1.36709
-0.0695737
-0.850419
-2.64091
4.85111
0.349352
0.607419
0.162691
-1.7442
1.4776
-3.81452
0.716587
0.0252686
2.60076
-1.04929
1.88653
-0.998545
1.26268
-0.315971
-0.740746
-1.02818
2.45888
-0.756382
-1.49292
-0.0557353
1.01628
-0.102865
-4.996
1.31248
-0.251716
-1.62583
0.188932
-0.602945
1.16009
-0.838005
-1.41018
15.6458
0.216357
0.367731
1.06836
-0.10651
11.1043
2.70797
-5.11859
0.715114
-0.0659747
-0.216069
-0.291845
0.279729
0.0864906
-10.7574
-10.972
0.116269
1.15571
1.91571
-2.54822
-1.3221
0.620528
-8.74753
-0.283574
-0.261499
-4.67957
0.385338
12.3642
5.18955
0.837676
0.500316
-1.84006
0.442988
-0.45401
-2.28367
-0.0223681
1.78547
1.29091
8.73485
-0.0827544
2.03107
-2.34469
0.584845
-1.48564
-9.63277
-2.23773
0.54638
-0.742753
-0.478245
0.171429
0.52812
-2.38285
-0.0375231
-3.3354
0.446046
-1.20936
1.58407
-0.790709
1.57068
-0.303916
-10.6863
9.18019
-1.60741
-0.264912
-0.0307209
0.00848591
0.747657
1.08647
-1.93473
-0.0674624
-0.0589985
2.10606
-2.33419
2.40543
0.496959
-0.805614
1.44306
5.79507
-2.93383
0.685534
-0.776045
-0.427623
-0.938978
-0.563486
1.07276
-0.817269
-1.73648
-1.9846
0.498551
-1.19692
-3.43266
0.775665
0.274286
-1.78372
0.270996
-0.0783863
-0.31988
-2.16633
0.056818
0.138787
0.166655
0.436165
0.565484
-1.00429
15.3957
0.224479
9.68111
-0.541722
0.744216
1.26028
0.0789875
1.85836
0.260776
1.33319
0.213444
4.11995
1.84123
1.42202
-0.127361
-0.51285
1.78025
0.0254252
1.89505
4.49591
-1.19783
-0.159067
-1.64767
-0.753483
0.0682214
0.00110065
0.304383
0.899152
-2.24074
-0.702566
5.27994
1.55114
3.0341
-1.42517
2.07812
4.66786
0.555435
1.81721
-0.32909
-0.616642
-1.36593
1.55222
1.69222
0.557768
0.0919104
0.0198211
0.626422
-2.46613
-0.925059
-0.79251
0.56432
2.4264
-186.997
-0.653836
-0.521764
3.37814
-2.01646
-2.10853
0.412334
4.02344
-1.94025
-0.774377
0.502186
-2.23862
67.637
8.07379
-0.919399
1.06485
-0.658541
-2.16356
0.820701
-0.485653
-0.552467
0.514206
-1.50172
0.226612
-0.963806
-8.73124
0.139741
2.56235
2.5214
-0.0432018
-1.66839
3.29443
15.6963
-0.00468178
1.40155
-1.25786
-2.91989
0.473803
-2.80994
-0.65239
-6.44198
-1.37948
0.433838
0.0717184
-0.567133
0.0486986
-0.420727
3.16937
0.328932
-1.11189
0.269655
-4.44393
-0.303258
0.338659
11.5515
-0.438753
0.0126065
0.252248
10.9153
0.145325
1.60985
-5.53106
-0.609701
-1.33957
-1.55501
1.19126
1.62732
4.11374
0.248462
0.329376
-0.785641
1.35732
-2.06593
1.63613
-1.32702
-0.822643
-0.712885
1.36842
2.98011
1.73748
2.09239
-3.5147
20.2321
-1.02588
0.417073
-8.43683
-4.5318
0.0152134
1.04925
2.30299
-4.30574
0.443309
0.134379
4.18416
-0.684732
-0.361236
1.53776
0.391541
0.105127
-0.700795
0.0412349
10.223
0.644632
1.27821
-0.695396
2.82834
1.04464
0.762664
1.32364
0.526166
0.0272186
-3.04713
-1.75078
4.04874
-2.53978
-0.0860782
0.271586
0.104257
3.81357
-1.06106
-2.51466
1.08493
4.80592
0.427355
5.0683
0.230404
0.285819
-2.33579
0.378822
0.384049
-1.75695
1.37707
4.42834
-1.49028
-2.47177
-2.39166
0.0474318
2.1277
-0.671744
-1.19652
-4.88493
-0.843416
-3.65082
2.04738
-0.129998
-1.77777
-0.334401
-3.70451
0.0358466
-2.09073
-0.57287
-0.417907
-0.177785
4.72584
-0.450582
2.62802
-0.557018
-2.68031
-0.266507
98.2681
-0.0400364
0.165106
-0.133906
0.359975
-3.07141
-0.665859
-0.0106047
-3.21716
0.244888
0.363692
0.308463
0.302299
-0.457291
-1.52851
0.56923
0.276876
-0.393553
25.6494
0.575299
-2.24583
-0.950571
-0.509294
3.23754
-0.445292
1.34341
-0.85635
0.484321
-0.766205
0.690273
-0.152374
-0.167431
-0.354732
-1.77377
1.56473
-0.319189
1.02252
1.06611
-12.5894
0.524126
0.262646
-1.14978
2.46773
0.111248
11.7744
-0.321011
-2.12076
3.70013
2.53929
-2.39299
1.96837
-0.708001
-1.31053
0.680344
-0.866411
0.0273609
-75.0502
5.6794
1.20071
0.27564
-1.68496
-1.11544
-3.55539
3.95867
5.51693
-7.94162
5.24748
0.474201
0.0159081
-1.04123
-0.0451621
-2.58296
-0.652014
1.74674
1.24776
-11.704
-0.845916
1.37105
0.234708
-1.90983
-2.71583
-0.0761622
5.50868
-2.6902
3.75828
8.02554
-5.01897
2.34847
0.370318
-4.11619
0.815277
8.79012
0.725316
-0.0874387
4.54689
0.979364
-0.322991
0.37513
-0.99499
-0.427508
0.262666
0.0137141
-2.43024
-4.95095
-0.374187
2.29064
-0.027525
-0.825227
-7.35351
-1.11375
0.652365
0.112417
0.704915
2.85851
-0.567824
-4.84864
-0.512144
2.13017
-12.5414
1.75011
0.519383
0.43563
0.720698
-0.467277
0.768379
78.9706
-0.275238
0.013636
3.80598
0.795387
-0.0986272
-1.31501
-0.257691
1.58286
1.45565
-1.0527
-1.02081
0.251966
7.08579
0.37409
2.37938
0.190161
-0.878947
1.2052
-0.951611
5.8578
-2.51716
0.658782
-71.8449
0.206149
-0.231176
-0.439071
-7.05384
-5.91695
-0.922523
-0.0921289
0.0029493
0.613935
-1.63386
-1.64764
-1.30241
-1.26686
0.236507
-1.06755
9.86368
-0.17485
-2.46472
-0.133724
1.52853
0.645546
-0.0458481
-0.784334
0.570186
3.60619
-0.586717
4.49009
0.238847
-1.04275
0.215631
-0.0436666
-1.78619
0.314114
1.84055
3.71162
19.8687
8.67661
0.604093
0.871801
-0.937755
-0.000515458
3.61965
-0.307972
0.045794
1.01003
-0.826461
0.380065
1.74009
-1.02444
-67.5641
2.50445
-0.888453
58.1028
0.394528
-0.369178
3.5101
2.9561
4.1187
0.938976
1.66154
45.5731
-0.752237
-1.82011
0.241818
-0.805217
-8.05813
-1.47611
0.552598
0.526397
-0.489497
-0.223918
-11.2765
0.150657
-60.2447
0.847882
0.716016
0.226584
-0.412093
0.940261
-5.98144
-0.837303
0.233094
2.40534
2.95887
8.63231
1.79199
1.09745
-4.77906
-1.39835
0.18429
-3.33962
0.97021
-1.8638
-3.10031
-10.5236
1.72516
0.180952
-0.285596
0.269622
3.54142
1.24283
0.456589
0.376854
-6.2756
0.75944
2.31624
-1.05731
12.699
-5.8102
-0.328028
-0.18535
4.92612
0.281958
-1.25719
0.881151
1.69624
-0.337611
-4.74981
0.713628
-1.37131
-0.129716
0.523041
-0.783963
0.218646
-0.93387
-1.67358
0.508896
0.517558
2.44761
2.40169
-2.82957
-0.835684
1.6042
-0.307723
-1.02518
0.150715
3.67455
0.936217
-2.34365
-1.74837
0.0647991
1.01401
-0.119003
1.07321
4.40971
-1.82374
594.978
0.0369602
0.115891
-1.31871
-7.12248
0.366431
0.324933
0.24409
0.438921
-0.234637
0.21791
-1.07756
6.21231
2.77638
5.33001
-0.0405263
0.406236
-0.478751
-0.00415489
1.67809
-0.115404
3.58506
0.482951
6.60445
0.219247
-0.536373
1.32005
-0.394921
-0.127261
-0.0341087
-0.665768
-0.432744
-0.139038
2.7758
1.57132
0.778866
0.796861
-25.8768
11.4755
0.308711
0.400552
-2.25187
-1.87066
0.716231
0.88391
2.22448
-2.21117
2.02095
0.171296
2.92756
-0.267778
-0.420856
-2.71653
-3.66951
-24.7274
1.29744
-0.891589
-1.47288
-2.60216
0.661705
-2.76466
4.00272
-0.865408
-0.28135
0.155523
-0.347956
13.9557
0.319454
1.80349
0.289735
2.64695
0.63115
0.264186
1.11596
-3.45714
-1.50221
3.62794
1.0493
0.324512
1.73508
-0.0565285
0.165596
-0.497639
0.880953
-6.52183
-0.545443
0.14041
0.0476614
0.738893
0.636583
0.476728
-0.788253
-0.552358
0.829308
0.657468
-0.470718
-0.38711
-1.70354
1.77027
-0.800357
1.67063
-2.15075
-1.11009
-1.44855
-0.366263
-0.302264
-1.3926
0.521137
-0.374864
-10.4459
1.3932
-1.34318
-15.2626
1.68006
-3.71697
-0.671206
1.56116
1.73252
1.35383
-0.367251
-0.148041
-2.72101
-3.42404
-0.0746865
-0.347193
-2.45718
-1.71232
2.65972
-1.62823
-0.113313
-1.57876
-0.104086
-17.4147
-1.40595
0.654547
-3.85196
-0.0148186
0.637913
-0.529507
-3.17479
-2.60447
-0.609118
-2.32066
-20.6603
0.094232
1.70888
-0.209649
-3.45191
-1.08798
2.8832
0.0790448
0.434228
-0.434183
-0.2124
0.51329
-0.271651
-0.0482845
4.02302
-0.149664
2.123
-0.586736
0.52512
0.471957
1.35213
-0.414478
-3.47965
1.47642
3.01347
-0.354181
0.370865
-3.33256
0.12812
0.473689
13.7855
2.39287
-0.989572
-5.49808
0.209608
0.0422718
0.200707
-0.0475118
-0.104967
-1.76885
-3.81742
-1.04086
-0.525494
5.22628
0.832481
1.27445
-0.980562
-0.678392
0.844994
0.0716882
-2.18585
-0.180357
3.15877
0.136583
0.751161
-0.168198
0.153935
1.70558
0.870671
0.842166
-0.414438
5.22869
-0.340878
-0.327544
2.36478
-0.81315
1.56754
-0.428443
0.858955
-0.870324
-0.452615
-1.87014
0.51962
0.371224
-0.294998
-0.382922
5.56996
2.35263
-1.26813
0.968015
-0.575175
-10.7903
-0.901479
-0.258201
0.086162
1.67808
2.20781
-0.209299
2.01721
0.562098
-0.0225425
-32.4239
1.24429
0.122892
0.529364
-0.939072
-0.254411
-0.234276
-0.133825
-6.10685
-0.288274
0.909296
2.51566
0.957511
1.42921
0.118129
0.582107
0.0870008
-0.104099
-7.0248
-9.76187
-2.22296
-1.73858
-0.621872
4.02198
2.0674
0.823914
-0.640046
-1.91975
0.4664
32.8556
-2.04526
-1.2514
2.31948
2.08521
-0.757543
-1.08463
-2.49499
0.116405
-0.167272
-1.84732
-5.77341
-0.736779
0.526525
-0.150375
445.862
-4.60994
4.35598
-0.506894
-6.18351
0.327047
-3.98159
-4.12123
1.88616
-1.72385
-1.61545
-0.891926
-65.7951
1.28776
-0.483756
-1.34003
5.28852
-0.534494
-1.63744
-1.71277
1.47695
-1.90146
1.00702
0.573502
0.19667
0.862104
0.736928
1.42126
0.434771
-0.754397
0.635134
-1.61161
0.458636
-0.479581
18.6456
1.03617
-3.23214
-1.97642
-3.3416
0.556405
-1.12568
-1.26274
-2.70299
-0.523477
0.623667
0.0987838
-0.138298
-2.16407
-1.06833
1.46446
-1.31103
-0.391923
-3.51176
0.43563
-0.65964
-0.857468
0.527617
3.8813
0.724608
11.0424
-1.03426
4.13086
-1.106
2.43559
-0.578778
0.325053
0.380229
-4.13669
2.13322
0.242887
-1.26821
-0.772528
1.33478
0.702088
-7.29068
0.194285
4.52852
0.349969
-0.693873
-9.24943
1.36848
-1.0216
0.706678
0.644495
0.392613
4.29168
-3.5356
-4.37969
0.416141
0.521498
-0.0514946
-0.226633
0.843824
3.77246
1.10805
1.59428
1.14579
1.04915
-0.00851162
2.8109
-2.75625
-0.179441
-1.48134
-0.498529
1.03454
3.08946
-2.48849
-0.14789
-8.7857
-14.8051
0.333752
1.63932
-7.6558
-0.760669
0.185383
-5.19542
-0.514733
0.547652
-0.410627
-10.3674
1.7391
-0.674204
1.35389
1.86452
7.2922
0.0571771
-12.7837
0.422676
-1.05777
0.875798
0.441049
2.56738
4.59071
0.304219
0.279894
-0.645846
-0.237656
0.960741
-1.9711
-2.2754
5.98589
-53.4586
0.740338
-45.2738
10.0388
-0.856975
-9.90455
-0.555951
-0.187551
0.252108
-1.92176
-0.643798
0.976011
4.20457
0.0324233
-2.58514
-0.545866
0.457939
1.68535
0.957882
0.17405
0.0999152
1.16105
-1.66378
0.13085
-8.07891
11.794
0.762557
-1.98294
-1.13066
-2.02983
-0.304799
0.700758
1.0734
0.609365
1.13599
-0.238213
4.48757
0.87004
5.51208
3.04096
0.30526
-2.31392
0.636377
2.50308
-0.0300509
-4.85663
0.46603
-3.50677
0.0153716
6.63605
-0.301515
-1.06833
5.83312
7.39822
-80.8565
0.726993
3.02041
-0.309156
-0.137032
-1.64383
4.35964
1.28505
-2.79159
-0.797267
-1.01482
-0.966966
2.78297
2.48764
-8.20054
-0.506822
-0.508604
-0.0239903
-1.30255
0.141971
-0.82836
-0.0678027
0.719851
-0.0474414
0.220803
1.88256
-3.39792
-0.894993
0.818175
-0.484553
-0.480158
0.539904
1.95544
1.05882
15.5525
0.299897
0.0593365
1.78241
0.73883
1.70156
2.91096
-0.244186
0.165266
-1.57963
0.250746
4.3939
-0.764924
1.45363
-0.321776
0.934755
0.67005
0.459733
1.01274
-0.553597
1.51384
-145.199
0.3259
0.518308
0.245473
-1.08563
-1.2364
0.356708
2.35884
-0.684724
1.23627
-1.07754
0.234062
-0.318746
5.06447
16.2085
0.618787
4.82111
0.384273
0.75515
-0.527478
-6.97589
-0.409164
1.36734
3.90952
4.19177
-1.28061
-1.58775
-0.924641
-0.921423
0.511824
0.705761
-3.53067
-2.44283
-1.22408
-1.24161
-1.09476
-0.378066
-0.678023
0.62862
-0.392727
-3.06536
-1.33126
-0.245874
-0.269558
0.630454
