0.915136
1.12771
1.05809
0.853587
0.981161
0.926823
0.985208
1.1568
0.852796
1.21818
0.893362
0.942026
0.945798
0.9155
0.808227
1.11991
0.930403
1.05782
0.974304
0.794257
0.947469
0.97382
0.994056
0.94607
1.00283
1.00764
0.946513
0.93406
1.00555
1.05421
0.912258
0.928116
0.956002
0.999508
1.0043
1.25485
1.00443
1.00918
1.07608
0.950013
0.935484
1.0361
0.902252
1.04814
1.02536
1.0443
1.06788
0.935763
0.943026
0.844404
1.04069
0.926772
0.814814
1.01979
1.19449
1.0799
0.951318
1.15055
1.09904
1.03446
0.958165
1.13034
1.02888
1.11775
1.06154
0.911528
0.894705
1.04736
0.809605
1.1756
0.903995
0.861201
1.01517
1.09215
0.995787
1.02219
0.917318
0.967592
0.93429
0.813878
1.05227
1.10995
1.01858
1.0198
1.06403
1.21127
0.978933
0.99106
1.06304
0.950419
0.93762
0.793275
0.891186
0.885087
0.880444
1.03641
1.11584
1.01673
1.02729
1.24521
0.952241
1.02943
0.985307
0.969105
1.18908
1.10083
0.955129
1.01152
1.19998
1.0143
0.99417
1.02421
0.905848
0.994328
1.13107
1.03853
0.998508
0.780416
1.03881
1.16111
0.857104
1.1749
1.05243
1.14809
1.10306
0.934004
1.00368
0.927515
1.20278
1.14896
1.17513
1.0616
1.09894
0.804083
0.950707
0.816534
0.970607
0.904069
0.827808
1.05443
0.904162
0.998775
1.13976
1.21038
0.892586
0.984056
1.0332
0.683303
0.996351
0.988024
0.88262
1.03091
0.847791
0.883512
0.905794
1.07279
0.85846
0.914502
0.964927
0.957146
0.949076
1.08634
0.856424
0.983188
1.08946
0.894617
0.788677
0.950299
0.862102
1.05065
0.992482
1.14906
1.05235
0.997098
0.854671
1.03247
0.94457
0.727726
0.904837
1.01958
0.957054
0.958109
0.981409
1.00109
1.0506
1.10897
1.13224
0.831357
1.1636
1.08522
1.17988
0.95916
0.830682
1.05223
1.0046
0.969921
0.919554
0.993574
1.03396
0.856812
1.09608
0.96592
0.929761
1.10415
0.943535
0.921573
0.985937
0.983331
0.90361
1.13001
1.02375
1.13262
0.979045
1.1169
0.891025
0.995795
0.924587
0.99472
1.06889
1.04456
1.00312
0.960248
0.862894
0.919188
0.882943
1.07041
0.822567
0.940506
0.858799
0.958099
1.19187
0.93663
1.07185
1.06002
1.09662
0.972769
0.994716
0.982074
0.766278
1.06109
0.966277
0.996525
0.870104
1.00422
1.03454
1.23215
0.90447
0.834355
1.03003
1.1755
0.998811
1.016
1.09157
0.851485
0.802641
1.09516
0.966801
0.912807
1.06216
0.972485
1.10076
1.0189
0.866283
0.956066
0.9385
0.954291
1.11599
0.942404
1.01288
0.991697
0.995587
1.01452
1.02966
0.911446
1.06592
0.98956
1.00567
1.09999
1.01064
1.13551
0.971053
1.13478
1.00998
0.983048
1.05199
1.12649
0.979804
1.03273
0.879898
1.07686
0.989255
1.09204
0.866309
0.886509
1.09141
1.17449
0.88851
1.09398
0.976726
1.03944
0.762448
1.00742
0.990757
1.02125
1.04039
1.19458
1.12037
1.01824
1.18747
1.14939
1.00551
1.03719
1.14033
0.999341
1.01119
0.765484
0.992873
1.03648
1.07534
0.984675
1.0198
1.11506
1.06576
0.915571
1.11037
0.986407
1.05217
0.975702
0.985583
1.04237
1.09777
1.07819
0.984215
1.11419
0.914441
0.946481
0.966445
0.908165
0.904544
1.17575
0.982235
0.950587
0.881642
0.916594
0.914982
0.877014
1.12251
1.11623
0.849343
0.877484
0.997674
1.14732
1.01916
1.09347
1.17793
1.03212
0.78618
1.03894
1.14889
0.971732
0.890268
0.995531
0.855939
0.843878
0.988817
1.10915
1.02883
0.943562
1.03212
0.945379
0.932892
0.925235
1.19192
0.975417
0.99278
1.13497
1.10915
0.97849
1.08607
1.07032
1.06233
1.11376
1.1314
1.09875
0.949236
0.995189
0.949403
1.11169
0.982186
0.893406
1.00408
1.01308
0.946524
0.944574
0.958881
1.13576
1.06548
1.06615
0.827111
0.941878
0.863115
0.75441
0.900985
0.787598
1.03705
0.988407
0.979548
1.05174
1.05101
1.14078
0.907239
0.947163
0.749745
1.04739
0.933883
0.801435
1.04343
0.99498
0.900011
0.802366
0.985857
0.856976
1.06419
1.09224
0.910177
1.27663
0.854074
0.863487
0.93645
0.994192
0.967722
0.911148
1.23758
0.968765
0.928274
1.14604
1.23062
0.993117
0.857759
0.870671
1.00615
1.00423
0.94447
0.920163
0.87655
0.958215
1.11835
0.794334
1.08517
0.988462
0.772307
1.00428
0.924005
0.826027
1.05713
1.022
1.03215
0.915907
0.992129
0.984726
1.10138
0.923424
1.02536
0.911543
1.00833
1.21508
1.07697
0.815243
1.03739
1.1623
0.913376
0.974329
1.02072
0.880493
0.980425
0.984665
0.941382
1.0862
1.02733
1.12275
1.07776
1.04288
0.870816
0.901598
0.819104
1.12437
1.08539
1.07834
0.969739
0.989
1.11264
0.996691
1.1908
0.78334
1.04952
1.08901
0.903987
1.01546
1.16515
1.03046
0.96153
1.24742
0.890868
0.934879
1.10181
0.887187
0.992639
1.0033
1.01146
0.953479
0.918776
1.02879
1.0038
1.01027
1.11807
1.01341
0.990969
0.822728
1.20481
1.106
1.12652
1.03687
0.934364
1.0374
1.06982
1.26449
0.869885
1.00946
1.0376
0.989918
1.01537
0.907612
0.944138
1.00155
1.12698
0.971778
0.922581
1.09049
1.08588
1.17
1.0297
1.08341
1.11278
1.04812
0.950968
1.05434
0.998835
1.15321
1.03584
0.992425
1.00545
1.04279
1.03958
0.940351
0.977594
0.998074
0.938065
1.0026
1.14541
0.927173
1.06889
0.906555
0.925389
0.982205
1.09886
0.955849
0.966831
1.08925
0.908057
1.15424
1.06768
0.939006
1.1067
1.0633
1.06119
1.08205
1.11725
0.978834
1.00255
0.985824
0.89433
1.05099
1.03225
0.980757
1.07706
0.858384
0.856861
0.95848
0.875098
1.00556
0.802924
0.974479
0.924132
0.896202
1.00363
0.9047
1.01651
0.981074
1.02216
0.75125
0.982828
1.11354
1.14692
1.11127
1.03425
1.21209
0.930929
0.905221
1.02462
0.858362
1.00235
1.09833
1.22021
0.938835
1.11134
1.03487
0.98888
1.17583
1.23281
1.0164
0.858034
0.974747
1.0855
0.915869
0.746614
0.950333
0.92096
1.02198
0.92177
0.916634
1.01609
0.953804
0.943876
0.957088
0.948765
1.14868
1.08529
1.07564
1.14992
1.15245
1.01849
0.839375
1.16602
0.944368
0.90771
1.00674
1.08336
0.858942
0.961435
0.988492
1.17406
0.825809
1.02517
1.07569
0.901747
1.11004
1.09842
0.940061
1.00563
0.875058
1.03561
0.847971
1.11756
0.997101
0.920187
1.03597
1.05316
0.92119
0.939204
1.05014
0.884475
1.01156
0.934248
0.912969
0.929667
1.15159
1.19674
1.04291
0.98581
1.01874
0.80076
1.17979
1.08546
0.897627
1.06918
0.812261
1.08493
1.05807
0.901126
1.01499
0.979462
0.970307
1.00709
1.10089
0.892757
1.03925
0.799832
0.922103
0.996078
1.03339
1.03111
1.16697
1.12379
0.909465
1.05276
1.03999
1.04718
0.882214
0.919056
1.03599
0.955426
0.936123
0.702718
0.884
1.03278
0.785225
1.02021
0.980106
0.976095
0.929788
1.01295
1.16674
1.01647
0.981046
0.912151
0.805851
1.03097
1.2755
1.04307
0.963064
0.808313
1.07035
0.944015
0.894104
0.961731
0.974676
1.18119
1.11299
0.960293
0.89844
0.913576
0.861396
0.862747
0.994827
0.959545
1.04082
1.07569
0.999662
0.870213
0.933256
1.00209
0.837179
1.08985
0.907798
0.887963
0.883838
0.957483
1.10736
1.0966
0.816239
1.1206
0.843112
1.07546
0.903741
0.973636
1.02454
1.09855
1.12443
1.10518
1.08166
0.890401
1.03174
0.979847
1.05014
1.29296
0.94821
0.994632
1.01279
0.906274
1.20994
1.14027
0.992059
0.99197
1.0594
0.966204
1.06158
1.03946
0.936937
1.01084
0.944538
0.933276
1.06546
1.0208
1.09471
1.16711
1.13569
1.00528
1.05539
0.856702
1.01889
1.06197
0.939925
1.13143
0.924552
1.00584
0.9653
1.01581
1.02514
1.03199
1.03782
1.13354
0.901415
0.991074
1.03943
1.00612
1.35299
1.07713
1.00452
1.03427
1.11491
1.19388
1.04378
0.970473
1.32483
1.09184
0.762297
1.09629
0.834612
1.12387
0.94375
1.01955
0.843801
1.1715
0.880372
1.08099
1.13649
0.939699
0.911653
1.04349
1.00457
0.909853
1.14498
1.19406
0.935096
0.968258
0.998082
0.952803
1.01561
1.04004
1.21724
1.01074
0.969013
0.97723
0.921028
1.00295
0.956291
1.14888
0.977756
1.11157
1.00532
1.11622
0.889823
0.860049
0.925219
1.19479
0.873224
1.05271
1.04501
0.859611
0.855328
0.871312
0.901737
0.987089
0.901284
1.02534
1.08166
1.01668
1.06467
1.12132
1.04933
1.04087
0.898289
1.01603
1.12464
1.03364
1.05336
0.934199
1.00148
1.00027
1.01702
1.12475
0.980339
0.959622
1.11043
0.961543
0.977147
0.886254
1.11402
0.81323
1.02297
0.893459
0.951764
1.09964
1.16666
0.893662
1.06983
0.90561
1.08182
1.13541
0.972874
0.929962
1.05052
1.04517
0.83669
0.979329
0.929845
1.14407
0.792645
1.0129
1.12652
0.960445
1.08043
0.967166
0.86114
1.1255
1.00033
1.02129
1.0261
1.01549
1.0441
1.0496
0.999534
1.13802
1.0459
0.977683
0.841255
0.92297
1.07168
1.06683
0.907723
0.907833
1.12034
1.02508
1.23631
1.18494
0.914301
0.900079
1.15101
0.998762
1.09619
0.968374
1.1024
1.0836
0.77074
0.940679
1.18074
1.06922
0.815545
0.876505
1.30035
0.965442
0.982863
1.01497
0.942216
0.969892
1.02278
1.05494
0.899733
1.06805
0.943966
0.949509
1.10687
0.965138
0.79517
0.908527
0.998688
0.835136
0.934503
0.98556
0.832576
0.824277
1.11812
0.857619
0.935741
0.775974
0.871359
1.01891
1.03519
0.921666
0.927259
1.00733
1.0654
0.945798
0.945911
0.980494
1.13067
0.977685
0.926333
0.899565
1.0975
1.01526
0.95628
0.948602
1.2035
0.943632
0.893209
0.998819
1.01744
1.17292
1.13655
1.00643
1.10442
1.05298
1.05234
0.949815
0.929757
1.03481
1.17431
1.06139
1.04675
1.11427
1.06411
0.939368
1.11055
1.02319
0.922517
1.01421
0.791428
0.905342
0.927882
1.08215
1.14736
0.95724
1.1164
1.04446
0.815246
1.03722
1.00545
1.0235
0.766484
0.995975
0.942069
0.901989
0.914666
1.16664
0.89496
1.20402
0.914748
1.01606
1.04686
0.995095
0.706603
1.07847
0.94113
1.07255
1.06707
1.03295
1.14046
0.998004
1.01644
0.962877
0.913521
0.900687
0.907903
1.05453
1.01489
0.935129
1.0114
0.980597
0.940623
0.965317
0.937767
0.912101
0.899394
0.973319
0.952713
0.866378
1.177
0.806311
1.11499
1.0174
1.22824
1.06667
0.924825
0.917972
1.02514
1.18875
1.16882
0.938431
0.986736
0.970747
0.945329
0.979701
0.934509
0.961173
0.915662
0.923718
0.968214
1.03952
0.923593
1.07601
0.855565
0.904753
0.873019
0.981491
0.980274
0.858812
1.05101
1.16104
1.05148
0.891869
0.942825
1.17603
1.09943
0.912808
1.11778
0.798239
0.900594
0.939053
1.02788
0.868758
0.953784
0.877971
1.09099
0.964757
0.937856
1.00902
1.13779
1.05243
0.979146
0.988802
0.885946
1.15633
1.10235
1.27563
1.08633
0.978862
0.838228
1.16899
1.10274
0.848082
1.031
0.910799
1.01067
1.02529
1.12504
1.12832
1.17946
1.00715
0.869858
1.00603
0.909148
1.19051
0.897567
1.15347
1.02574
1.11797
0.889457
0.960054
0.935694
0.994888
1.11339
1.01294
0.92712
0.892712
1.13813
0.882974
0.867084
0.850164
0.940958
1.13994
1.06521
1.11013
0.940348
0.93353
0.91566
1.25455
0.98468
0.991126
1.14365
1.10959
0.863115
1.03407
1.04355
1.01942
0.950577
1.02473
0.974393
0.86168
1.03474
0.967116
0.944842
1.06254
1.07456
1.00801
0.965759
0.886408
0.977758
1.05233
0.890974
1.00769
0.907482
0.96158
0.953184
1.0326
0.946297
0.970631
1.07749
1.02261
1.03307
1.0862
0.889327
1.17489
1.03468
1.00906
0.994807
1.13186
1.05099
0.972837
1.07493
0.981002
1.0136
0.799546
0.941403
1.02317
1.01878
0.8754
0.99947
0.978645
0.849804
1.11794
1.20181
0.876844
1.01676
1.09136
0.973744
1.05427
0.893587
0.990981
0.962538
0.878534
1.0426
1.05296
1.07645
1.05535
1.01677
1.09275
1.00938
1.03141
1.02041
1.04386
0.921439
1.16498
0.976147
0.929977
0.845953
1.22527
0.915771
0.961433
1.10299
0.992512
1.00288
1.0756
0.946068
1.09905
0.894432
1.06338
1.08929
1.11852
1.15664
1.08667
0.882363
0.951042
1.07079
1.11138
0.860926
1.06438
0.986321
1.0646
1.15069
1.05702
0.820421
1.01253
0.969031
1.0354
0.86363
1.00127
0.896839
1.01343
0.938813
0.945413
1.01058
0.98738
0.866461
0.933448
1.06447
0.855366
0.993692
1.04162
1.07795
0.986695
1.02253
0.980941
1.13546
1.12194
1.10109
0.859924
0.984198
0.922052
1.0145
0.939255
0.88911
0.949462
1.13224
1.12299
1.24288
0.944138
0.948691
0.823631
1.0151
0.981186
0.943541
1.14897
1.00209
0.989652
1.15491
0.988704
1.32799
0.884359
0.842924
1.02186
1.02074
0.949964
0.951505
0.962106
1.00481
0.88749
1.08791
0.913003
0.908487
0.99634
1.0798
0.934983
1.05274
1.29739
0.995692
1.11365
0.967383
1.10635
0.88339
1.08411
0.94531
1.06585
1.00908
0.959347
0.814594
0.98272
0.922213
0.904535
0.863081
1.08763
1.21741
1.10888
0.851073
0.966691
1.06279
0.946924
1.01318
1.04956
0.882867
1.00701
1.04171
1.02534
0.921982
0.979747
1.01805
1.13686
1.0729
0.967188
0.985113
1.05936
0.978516
0.935595
0.897553
0.802531
1.08721
0.997227
0.802538
0.943818
0.928357
1.19051
1.12579
0.973078
1.06798
0.912979
0.855489
1.01057
1.09585
0.981683
1.11881
0.942844
1.01301
0.881768
0.98024
1.1574
1.17947
0.911863
1.02513
1.22925
1.0648
0.889297
1.15108
1.03448
1.07653
1.05829
1.00194
0.993844
1.12354
1.11214
0.810866
1.0407
0.91566
1.14368
1.00075
0.97721
1.09035
1.04934
0.942234
0.937164
0.722848
1.05625
0.815485
0.947426
1.0474
1.15295
0.966552
0.991807
1.17695
0.990727
1.07563
1.14673
0.866525
1.00943
1.12042
1.09733
1.06615
0.964193
0.827741
1.01873
0.9278
0.967246
1.08583
1.1861
0.969742
0.914832
0.943888
1.12458
1.00227
0.94807
0.930951
1.10445
0.903254
1.05485
0.885277
0.897621
1.05789
1.00349
0.943755
1.05573
1.05826
1.11779
0.990724
0.931479
1.16803
1.01021
1.18904
1.09432
1.14438
1.01832
0.906849
0.949674
1.04012
1.03447
0.977846
1.16887
0.901567
0.938502
1.01307
0.859127
1.00675
1.02238
0.991169
0.967426
1.17936
0.898304
0.887376
0.886776
1.05221
0.920345
0.901891
0.921559
1.31954
1.07714
1.06205
0.815811
0.820067
0.930475
1.01124
0.846502
1.01871
1.06287
0.880994
1.00204
0.935541
1.23093
1.10914
1.14756
1.05564
0.850312
0.959607
0.998405
0.987716
0.970048
0.967339
1.02876
1.08886
0.82582
0.999375
0.957666
0.922082
0.879937
0.970217
1.25289
0.91933
1.03158
0.965017
1.00678
1.05877
1.05724
1.02078
1.27801
1.00542
0.95742
0.946885
0.843633
0.814394
1.05503
0.926469
1.05013
0.808127
1.09623
0.993526
0.94006
1.07555
1.02618
0.993149
1.0845
0.906463
1.121
1.02448
0.931385
1.03323
0.873799
0.917834
0.902133
0.919997
0.863047
0.981797
1.08224
1.02812
1.04172
1.03859
1.04756
1.01458
1.07659
0.986737
0.97195
1.0472
1.10828
0.89325
0.977986
0.979364
1.03285
1.00598
0.966479
1.0023
0.89459
0.963163
1.10149
0.831124
1.11561
0.997086
0.965659
1.07205
1.06116
1.03802
1.05099
1.08039
0.908437
1.01282
1.16287
0.996761
0.915929
0.977862
0.901645
1.07828
0.957561
1.01791
0.918176
0.919719
0.883341
0.962703
0.861323
1.06154
1.10559
0.974145
0.845296
0.800213
0.79284
1.07668
1.05836
1.03159
1.02744
1.0487
0.920881
1.02241
1.02804
0.906216
1.06734
0.895526
1.01317
0.932895
0.863585
1.14795
1.15118
1.08591
0.952932
0.899978
1.1815
0.971962
0.855823
0.960117
0.935735
0.915287
1.00701
1.04515
0.967559
0.990958
0.882669
0.990115
1.13769
0.997
0.982924
1.16431
0.876173
1.09813
0.953956
0.944058
0.873537
0.90077
1.01195
1.03536
0.812727
1.15966
0.927749
0.903206
1.08847
0.958699
1.00364
1.28591
1.05158
1.01848
0.877818
0.876404
0.883983
1.07232
1.03737
1.17251
0.919175
0.988978
0.955652
0.964809
1.02489
0.898313
0.999125
1.08163
1.01111
1.09617
0.91734
0.940805
1.10454
1.11302
0.953114
1.20635
1.13495
1.02375
1.07847
1.16218
1.07351
0.930736
0.961798
0.800324
1.01572
0.944626
1.00294
0.996115
1.00392
1.09147
1.0344
0.93125
0.934683
0.993783
1.0377
0.982506
1.19795
0.942469
0.933739
0.796862
1.05726
1.03638
1.13357
1.04273
0.872123
1.03462
1.09738
0.973932
0.816354
0.893799
1.08259
1.00207
1.09211
0.934269
1.22155
0.856614
0.936538
1.20659
1.05828
1.06717
1.04562
0.832437
1.15071
0.946064
1.0714
0.917263
0.914513
1.01001
1.15946
0.873518
0.843165
1.01459
0.972494
0.994292
1.03613
1.0092
1.14502
0.983543
1.07214
0.819573
1.13883
1.107
1.04198
1.08325
0.992388
1.03369
1.0993
1.02308
0.898176
0.902172
1.10991
0.998238
0.956171
1.10132
0.910962
0.949031
0.967353
0.822271
0.89277
0.915764
1.0285
0.991632
1.02927
1.2338
0.809643
1.017
1.04235
0.886581
1.05825
0.855327
0.883391
1.09394
1.04861
0.991781
1.0775
0.960413
1.04719
0.970098
1.05866
0.876504
1.022
1.20773
1.01572
0.849452
0.916102
1.04152
1.12033
0.880442
1.06903
1.10454
1.01801
0.852573
1.10391
1.09904
0.928201
0.922605
0.980776
1.1257
1.05799
0.9169
1.01758
0.877913
1.0289
0.955713
0.948944
1.00316
0.940744
1.2173
0.977202
0.955703
0.942484
0.949036
1.03415
0.887277
1.05111
1.1094
0.956783
1.01835
0.984431
0.890055
1.03268
0.83768
0.952642
0.92099
1.009
0.974067
1.03464
0.987793
1.01246
0.878691
1.03328
0.858616
0.983426
1.04743
1.05494
0.931662
1.06885
0.952823
0.986156
0.863054
1.08504
0.993398
0.962407
0.940584
0.811901
0.876888
1.0232
0.79246
0.950437
0.845327
1.03885
0.928198
1.1434
0.955821
0.762101
1.09594
0.874241
0.952032
1.09684
0.844883
0.969985
0.886101
1.10953
0.986123
1.01552
0.93776
0.974002
0.85125
1.141
0.979981
0.997336
0.924079
1.23064
1.03526
1.01877
1.11734
1.12747
0.92366
1.03907
1.07061
1.03918
0.930726
0.870067
0.882188
1.13201
0.931655
1.00946
1.1465
0.902784
1.00809
0.957289
1.067
0.92244
0.946769
1.06953
0.992026
0.908268
1.26607
0.935789
1.02467
1.02959
1.1566
0.984768
1.11813
0.927127
1.00984
1.00255
0.966309
0.999166
0.981455
1.15658
0.92535
1.11619
1.0495
0.895512
0.842213
1.06959
0.973571
0.907303
0.872164
0.858113
0.971588
1.07651
1.10975
0.975338
1.29312
0.963052
0.951089
1.08044
1.01153
0.941614
1.04052
1.04879
0.856341
1.14069
0.89119
0.876322
0.939566
1.14564
0.87775
1.01683
1.07785
1.12121
1.04638
1.01113
0.897958
0.888376
1.10987
0.85969
0.939978
1.00412
0.999866
0.96398
1.12222
0.845353
1.00486
1.08487
0.913112
0.943443
0.958881
1.0963
0.943773
0.939921
1.00763
1.12432
1.01568
1.13955
0.92381
1.10249
1.03979
1.10087
0.847722
0.913309
0.932201
0.904801
1.1467
1.08884
0.939568
1.0103
0.995607
0.881941
1.01202
1.01142
0.902147
1.10579
1.07216
1.00951
0.918625
1.04279
0.921631
1.15537
1.02766
0.904563
0.962107
1.09744
1.04577
0.813669
1.07797
0.864176
0.909665
0.937551
1.17674
0.997957
1.02388
0.860926
0.879238
0.905034
0.906363
1.12847
1.00171
0.922466
0.880699
1.19388
1.03334
0.958214
0.749266
1.02044
1.00287
1.08169
0.857097
1.05891
0.959824
0.841283
1.12148
1.06791
1.02611
1.015
1.18167
1.08787
1.03093
1.03105
0.845354
1.16663
0.949353
0.729115
0.882693
0.75639
0.967848
0.880485
1.07476
0.86262
0.943218
1.02031
1.16208
1.11667
0.852073
0.830693
0.884482
1.03317
1.12122
0.788983
1.1213
1.13897
1.01126
0.981247
0.826698
1.10359
1.11513
1.15618
0.862263
0.962241
1.2633
1.00166
0.8158
1.05162
1.05772
1.02826
0.907445
0.911073
0.930747
0.845415
0.791173
0.982096
0.8242
0.912439
0.907065
1.00776
1.09399
0.910711
0.933062
1.11404
0.966004
1.07041
0.877528
0.979604
1.09545
1.05321
1.11993
1.15609
0.931862
1.05088
1.03674
1.11572
1.22186
1.18138
1.02089
1.07029
1.05272
1.12862
1.12458
0.84244
0.966562
1.02985
0.868858
1.0026
1.17083
0.786631
1.13365
1.01366
1.07227
0.863003
1.02554
0.903739
0.940605
1.00394
0.8765
0.973288
0.99442
0.894404
0.888614
0.968796
1.031
0.902823
1.07358
0.991607
1.04369
0.830384
1.22261
1.13115
1.09649
1.0072
1.00333
0.965834
1.12971
1.11899
0.996774
0.986947
1.16017
0.96722
0.989709
0.974384
1.20375
1.02879
1.0566
0.959778
0.892354
1.09768
1.10033
1.03204
1.06036
0.9353
1.01392
1.01187
0.977533
1.05183
1.04814
0.869025
0.947148
1.13087
0.977186
1.13328
0.882041
0.880409
1.13866
0.908264
1.09036
1.34243
1.07909
1.04451
1.12199
0.948599
1.03165
0.907919
0.936005
0.983457
1.00918
0.894713
0.909191
1.10263
0.979251
0.839645
0.931701
1.02976
1.03047
0.859513
0.950078
0.963709
1.02692
1.15174
0.849624
0.821576
1.00148
1.13444
1.05469
1.20911
1.02505
1.19326
0.813624
1.13554
1.10505
1.02622
0.977621
0.985481
0.91364
1.11356
0.933786
1.01381
1.04255
1.00767
0.936032
0.870291
0.886683
1.05596
0.923563
1.08493
0.859969
0.842443
1.03882
0.926448
1.15327
0.975946
1.0268
0.996356
1.04194
1.0298
1.01161
0.934802
0.867637
1.03651
0.906547
0.977136
0.940636
1.0301
0.908637
1.05753
0.905267
1.02914
1.0479
0.859945
0.913516
0.964856
0.899243
1.06188
0.917686
1.16301
0.925937
1.13707
0.954088
0.979401
1.00536
1.10206
0.847927
0.955775
1.17548
0.958139
0.896402
1.10945
1.04422
0.995989
0.779899
1.04477
0.926797
0.950382
0.902295
0.959022
1.09849
1.01338
0.825942
0.905858
1.01444
1.10291
0.981048
1.00288
1.06087
1.04984
1.02921
1.0198
1.01423
0.854621
1.1073
1.02411
1.00368
1.0543
0.978892
1.0448
1.05003
0.926349
0.997503
1.04247
0.878123
0.963429
0.882013
0.900084
0.985509
0.993797
0.875306
0.936996
1.27579
0.949683
0.831835
1.19089
0.983116
1.13499
1.02942
1.02799
0.952426
1.16653
1.13194
1.05744
0.879121
0.957738
0.986617
1.09648
1.01458
0.889786
1.03491
1.00637
0.961991
1.02101
0.943794
0.817113
0.998809
0.956673
0.914977
0.87818
0.924565
0.780713
0.871471
0.942377
0.998432
0.844247
0.908092
0.945806
0.958584
1.14988
0.938242
0.959125
1.00414
0.945192
0.901069
1.1931
1.14117
0.937593
1.12186
0.883177
1.0825
0.903328
1.01989
0.873522
1.0522
1.22599
1.00263
1.01271
1.13916
1.05626
1.07872
1.10875
0.98917
0.939102
0.996133
1.19992
1.02945
1.00109
1.20871
1.06657
0.983782
0.978683
1.08789
0.99072
1.0765
1.01813
0.862976
1.06514
0.816822
1.05152
1.03076
1.08021
0.932748
0.929746
0.904697
0.96209
0.91906
0.847812
0.985902
0.946024
1.02385
0.989462
1.01567
1.04362
0.924807
0.983161
1.13641
1.03297
0.943235
0.995594
1.06976
0.951647
0.976988
0.967651
1.03006
1.18332
0.817981
1.01026
1.04156
0.917434
1.0649
0.791386
0.995939
1.06006
1.08445
1.05943
0.812038
1.04398
1.1717
0.944076
0.830372
1.11541
1.00631
0.855362
0.961764
1.04925
0.864582
1.07949
1.10838
0.929643
0.930777
0.945127
1.05248
0.783512
0.851356
1.13409
1.00686
1.03515
0.912371
0.978881
1.15604
1.10817
0.961422
1.13205
0.855412
1.13345
0.84668
0.979243
1.23354
0.872943
1.01029
0.917262
1.11036
1.05616
0.90553
1.17381
1.07035
1.04729
0.991292
0.933471
0.848789
0.944636
0.990408
0.914861
1.07869
1.11017
0.988075
0.859279
0.88184
0.881478
1.02902
1.06912
0.850283
0.920372
1.13762
0.97419
1.0656
1.03326
1.02386
1.1843
1.15374
0.815946
0.979955
0.968427
0.976376
1.24913
0.870203
0.788657
1.12891
1.04648
1.10073
1.00109
0.813751
0.933578
1.096
1.06367
0.923359
0.771713
0.930786
1.0394
1.2261
1.09363
0.927453
0.980032
1.00649
1.06836
1.03795
1.06671
1.10566
0.990935
1.01481
1.11212
0.889438
0.921816
1.01698
1.06323
0.921813
1.17163
0.98422
1.03837
1.00439
1.09176
0.761467
0.890852
0.932024
0.887582
0.83777
1.15515
0.970377
0.891228
0.958146
0.888965
1.30519
1.16146
0.780859
0.902517
0.923037
1.01337
0.863875
0.933414
1.02807
1.34477
1.03926
1.11439
0.993646
0.882559
1.02284
1.02724
1.15338
0.965909
1.12236
1.06647
1.0156
1.03544
0.911621
1.07414
0.911325
1.11596
0.918425
1.0153
1.03996
0.903815
1.00955
1.06897
1.07119
1.08878
1.01299
0.984115
1.09003
0.811272
0.893184
1.00859
0.89248
0.985437
0.987218
1.126
0.983765
0.958591
1.08607
0.974381
1.25587
0.982992
1.09306
0.916998
1.05551
0.959212
0.974761
0.941075
0.988567
1.01068
1.22736
0.91916
1.1501
1.00861
1.06163
0.999247
1.07038
0.996787
0.897095
1.00998
0.920924
0.979234
0.948406
0.930884
1.10076
0.921401
1.04481
1.05548
0.985926
1.03722
0.966036
0.86377
1.02561
0.978542
0.83658
1.01505
0.971019
1.05258
1.01214
0.971503
0.953446
1.07609
0.85078
1.01719
1.0678
0.942607
1.00701
0.8708
1.00233
1.10658
0.827206
0.843017
1.02842
0.96028
0.952305
0.987553
0.95422
1.07008
0.870663
1.02037
0.929687
1.22854
1.05926
1.02041
1.10334
0.931047
1.06572
1.03931
0.914691
0.880881
0.971452
0.951065
0.897843
1.12675
0.802999
1.11697
1.09025
0.947188
0.942813
0.796754
1.00654
1.0584
0.921741
0.996059
0.866866
0.899203
0.979165
0.928326
0.960566
0.924354
1.01834
0.901451
0.914588
1.0238
0.967818
0.893581
1.14033
1.04472
0.958746
0.898789
0.899292
1.12059
1.06962
0.895713
0.835619
0.957738
1.00476
1.02344
1.14206
0.891699
1.08885
0.851531
1.05344
0.810661
0.936473
1.09822
0.785556
1.11404
1.01362
0.861323
0.990355
1.00404
0.942237
0.876775
0.879858
0.955827
1.01299
1.01455
0.966271
1.04367
1.25839
1.0353
0.943702
0.920987
1.06686
1.27972
1.01817
0.85966
1.05497
1.09039
0.984965
0.863397
0.88423
0.867876
1.09613
0.906014
0.939386
0.867495
0.891632
1.06072
1.08993
1.02944
0.881665
0.965099
0.980578
1.10428
0.831166
1.10398
1.03768
0.965132
1.00607
0.984038
0.926693
1.02955
0.855708
0.954824
1.06094
0.85456
1.15224
1.00977
1.00425
1.18813
0.946086
0.833719
1.16195
1.05017
0.92766
0.911322
1.17452
0.962568
0.883228
0.98128
0.957804
1.07052
1.06423
1.02076
0.935478
1.04462
1.08988
0.992799
1.01491
0.860702
0.970233
0.922463
1.0472
0.917255
1.2674
0.970153
0.980624
0.829249
0.930781
1.00117
1.04509
1.05701
1.09272
0.923631
1.19803
1.03633
0.979257
1.08318
1.11719
1.09328
1.04093
1.04155
1.09012
0.979302
1.05482
0.9694
1.0084
1.11324
1.1231
0.928308
0.971797
1.07896
1.03581
1.09245
1.1008
1.03779
0.994278
1.00135
1.17757
0.917381
1.0485
1.0552
1.07731
1.24354
0.989415
0.841283
0.826186
1.01906
0.92863
0.99194
1.14101
0.965805
1.02521
0.937317
0.979239
0.854431
0.984426
1.0324
1.06398
1.01255
1.0669
1.09123
1.02704
0.98995
1.04133
0.907145
0.908094
1.01155
1.04339
0.92556
1.08111
0.971641
1.13796
1.02288
0.996287
1.01786
1.07376
0.962344
1.02791
1.0391
1.05024
0.82155
1.05755
1.00469
0.978177
1.05608
0.948041
0.978641
1.0072
1.236
0.811776
0.920946
1.06319
0.99059
1.11882
0.946961
1.21125
1.01139
1.12854
1.01932
1.06398
1.02231
0.891929
0.863931
1.06572
1.01195
0.967437
0.93353
0.991684
0.966914
1.06074
1.0952
0.991012
0.833788
0.901534
1.17073
1.16485
0.927943
1.09595
0.882677
0.93083
0.958168
1.01801
1.07129
0.875967
1.2913
0.977533
0.919217
1.10614
1.00135
0.995532
0.93689
0.950927
1.13385
0.825748
1.03451
1.1012
1.04715
1.15153
1.0854
1.02767
1.25529
0.882921
0.938453
0.879455
0.927337
0.969042
0.985894
0.958322
1.09334
0.979686
0.991162
0.97744
0.903815
0.875978
1.1513
0.949355
1.00988
1.04379
1.04464
0.945579
1.00993
1.19012
1.05444
0.874648
0.934884
0.989384
0.915731
0.842332
1.00067
1.00202
0.992133
1.05625
1.05575
1.1234
0.916231
1.088
1.14542
0.877647
0.936668
1.07411
0.997629
0.908891
1.1131
1.0437
0.92599
1.0776
0.964107
0.963591
0.974337
1.01937
1.01875
0.924642
0.942504
0.875348
1.15632
0.981148
0.887879
0.740213
1.05712
0.963581
0.92726
0.828067
0.873829
1.02863
1.07338
0.942866
0.885942
0.93861
0.973596
0.896972
1.04002
1.02253
1.07825
1.07546
0.879725
0.857748
0.972627
1.14826
1.04453
0.91052
1.09769
0.939059
1.02186
0.93161
0.97199
0.836666
1.04653
0.969051
1.11943
1.10547
1.03459
0.891683
1.15862
1.13754
1.05583
1.0535
0.998697
1.02605
1.06484
1.06584
0.841792
1.17841
0.997894
1.01942
0.990438
0.964997
0.974983
0.860304
1.07455
1.04587
0.931833
1.1235
1.13087
1.09862
1.05554
0.955976
0.755454
1.12824
0.868271
1.07387
1.0622
0.929536
0.91485
0.897116
0.906879
0.857766
0.966254
1.00951
0.970579
0.896508
0.860077
0.977882
0.934628
1.16102
0.892175
1.1968
0.928788
0.973784
0.995338
1.00059
0.982526
0.967624
1.04956
1.02753
0.971855
0.925842
1.03762
0.924944
1.0196
1.02164
0.950884
0.958748
1.0175
1.03717
1.15521
1.01894
1.0321
1.29323
0.948367
0.905933
1.09222
1.07401
1.07254
1.07759
0.973611
1.01224
0.950036
1.0707
0.988267
0.902405
0.849963
1.0893
0.85313
0.866462
1.06723
1.12303
1.01217
1.05904
1.03572
1.05251
0.900378
1.08411
1.03868
0.99971
1.0078
0.973477
1.04426
1.03653
1.05444
1.00611
1.00896
0.959789
0.967501
1.0006
1.12337
1.02404
0.975854
0.99936
0.75371
0.93739
0.98399
0.808759
1.03626
0.929066
0.811114
1.13976
1.00392
0.869077
0.95089
0.855259
1.03689
0.895418
1.09115
1.01681
1.02357
0.941651
1.15001
0.944797
1.00592
0.978889
0.934326
0.761943
0.844903
0.9709
0.915081
1.21857
0.831748
0.79356
1.01293
1.10746
0.941702
1.01907
0.964585
0.842648
1.00679
0.972916
0.957618
1.01702
0.978558
1.01371
0.986651
1.06391
0.920477
1.06379
0.900421
0.987392
1.00132
1.06042
0.955217
0.857292
1.11017
1.00257
0.998502
1.06105
1.00786
1.07235
0.964172
0.768637
1.09226
0.92881
0.910981
1.10223
1.11554
1.09209
0.817916
1.00815
0.998668
1.02828
1.04197
1.0701
0.907013
0.939721
0.962586
1.08896
1.03139
0.90631
1.08518
0.986985
1.1171
1.08323
0.948855
0.91944
0.786295
1.20789
0.844982
0.857973
1.17702
1.00439
1.09791
0.946442
1.08527
1.06428
1.09981
1.01161
1.10835
1.10137
0.934536
0.905921
0.832024
1.12068
0.90457
0.868895
1.11428
0.962605
0.961756
0.91241
1.06531
0.978316
1.13164
1.01097
1.10053
1.06485
0.967412
1.01622
1.0995
1.11649
1.11215
1.09509
0.878459
0.977011
1.03412
0.906563
0.96074
0.800887
0.980433
0.970957
0.868045
0.969813
1.01694
1.01293
0.924741
1.00883
1.09044
1.0977
0.957966
0.9358
1.02732
0.937463
0.882358
0.996868
0.837774
1.09996
0.981224
0.993705
0.964889
0.91481
0.973554
1.04128
1.03019
1.07659
1.08969
0.876733
0.9423
0.865665
1.18165
0.973232
1.0071
0.98708
1.01764
1.14438
1.08709
0.881694
0.982018
0.92887
1.21061
0.991987
0.885256
1.10176
1.08504
0.96483
0.857544
0.978313
0.894374
1.06025
1.00514
1.05022
0.82849
1.09994
1.07188
1.08361
1.03293
0.86434
1.01124
0.867596
0.968667
0.805852
1.03342
0.944941
0.87756
1.02469
1.16767
0.997662
1.02816
0.994356
0.913617
1.13767
0.874106
0.970649
0.904128
0.858635
0.927164
0.985837
0.850386
0.867186
0.973611
0.916494
1.11078
1.06465
0.953408
1.23561
0.953023
1.01094
1.01613
0.970876
1.10092
0.966518
0.939234
0.91405
0.863807
1.1353
0.880344
0.973324
1.04428
0.914728
1.00457
1.07808
0.755573
1.10252
0.962204
1.13
1.09667
0.798592
0.962994
1.01279
0.977588
0.937015
1.06426
1.18507
1.05316
0.919968
1.11393
1.04798
1.09146
1.02178
0.932447
0.91709
1.13199
0.981736
0.941496
0.966895
0.98025
1.12998
1.00125
1.02596
0.988689
0.905423
0.863839
1.11182
0.977569
0.962832
1.12822
0.985176
0.962779
0.963571
0.983592
0.835073
0.891913
0.878011
1.02558
0.970977
1.18688
0.996652
1.02958
1.1062
0.943024
0.92739
1.04446
0.969573
1.0306
0.856702
1.01995
0.971239
0.956007
0.823197
1.36902
1.11496
1.00616
0.865937
1.09569
0.910214
0.893643
0.987139
0.972289
0.964958
1.06546
1.19008
0.932099
1.06522
1.07719
0.984382
1.07991
0.89688
1.17304
1.18201
0.936801
1.04298
1.02585
1.09226
0.927446
0.861324
1.01796
0.966918
1.11067
1.0174
0.919714
1.02758
1.03652
0.900187
1.07853
0.864568
1.07687
0.899658
1.07359
0.997769
1.09711
0.962289
0.871518
0.925451
0.820633
0.915861
1.0856
1.01137
1.16713
0.90667
1.02524
0.926719
1.01627
1.0898
0.944757
1.02998
1.03102
0.939826
0.980402
1.04531
0.901349
1.00231
0.818252
0.948881
1.00327
1.10398
0.945807
1.00891
1.0137
0.851589
0.92738
1.13474
0.836213
1.29381
1.03701
0.994803
0.883341
1.06858
0.829101
1.02998
1.03381
0.963117
1.13052
0.850769
1.08775
0.871799
1.00946
0.964149
0.899061
0.976122
1.03251
1.12257
1.28824
1.08287
1.08037
0.928744
1.0564
0.972219
1.1367
0.80141
0.892113
1.05519
0.960137
1.01651
1.01983
1.01727
1.04023
0.962786
0.920103
0.973281
1.05058
1.02094
0.963318
1.17872
1.13774
1.03399
0.955382
0.866337
0.996768
1.07781
0.800753
1.08652
1.07898
0.790145
0.928473
0.930867
0.982178
0.877117
0.740907
1.13614
1.01888
1.0297
0.955229
0.977924
1.02831
0.88456
0.93476
1.13683
0.849821
1.07097
1.07985
0.977229
1.01729
0.715864
1.07538
0.870877
1.07497
1.08158
0.941448
1.15367
1.19622
0.973277
1.14661
1.00598
1.02938
1.00224
1.10835
1.13996
1.04269
0.835049
1.11362
1.02724
1.11714
0.833896
0.880701
0.974211
0.835445
1.04149
0.96325
1.01954
0.956831
0.975261
0.971461
0.947022
1.02216
0.821764
1.05428
0.78085
1.04718
1.01432
0.932907
0.88177
0.854648
1.11967
0.987982
0.92979
0.988291
1.06196
1.20387
0.972965
1.1149
1.03289
0.957483
0.908771
1.1634
0.881964
1.03244
0.888515
0.8757
0.986931
0.94477
1.04172
0.954856
1.04973
0.969628
0.998014
1.01859
1.12752
0.98299
1.0517
0.904557
1.05458
0.996899
0.986683
0.885801
1.0709
1.13842
1.04712
1.03402
1.11842
0.948478
1.04738
1.15491
0.916658
0.901445
0.981952
0.869809
0.925237
1.03098
0.915964
1.05986
0.835916
0.989087
1.09462
0.996585
0.867425
1.13659
1.00902
1.16741
0.979797
1.0306
0.887522
1.13945
0.891575
0.939884
1.00126
0.916934
0.949969
0.958938
0.972225
0.980157
1.0162
1.10217
0.940767
0.91855
0.903211
0.940912
0.98874
0.99747
1.02046
0.940774
1.05498
1.12525
0.957646
1.21005
0.948644
0.836025
0.961095
1.10187
0.920364
0.994094
1.06016
1.27039
1.09867
1.16128
0.988442
0.981421
0.926476
0.843324
1.04076
0.977353
1.02705
1.01828
1.02669
1.24402
1.18531
1.0304
1.0644
1.05646
1.05943
0.99755
0.982278
1.00433
0.840359
1.01315
1.03321
0.895614
1.00256
1.02569
0.98349
1.09652
0.708834
0.900996
1.02384
1.0113
0.851328
1.02465
0.983348
1.00413
1.13141
0.865977
1.1553
0.985934
1.10531
0.927927
1.05348
1.01757
1.06157
1.03553
1.0516
0.911086
1.24559
1.05557
1.01094
1.06234
0.902781
1.04183
1.03272
1.15029
1.13164
0.917966
1.03339
0.90162
1.0231
1.06628
1.14202
0.922659
1.06631
1.11344
1.06756
1.0852
1.00801
0.963849
0.861474
0.932049
0.896431
1.10291
1.00239
1.08824
1.10546
0.950974
1.06001
0.925725
0.908549
1.28979
1.17483
1.14696
0.976742
0.913244
1.01062
0.936005
0.989051
1.20705
0.991832
0.951409
1.03617
0.99855
1.02012
0.996542
1.00379
1.05208
1.07577
1.24303
0.912672
0.980635
1.03887
0.979453
0.982067
0.875023
0.831594
0.928539
1.0142
0.988224
1.02768
0.922704
1.15074
0.868175
0.899006
0.863465
1.03096
0.773979
1.06554
0.85187
0.980572
0.932606
0.913253
0.960658
0.988922
1.17669
1.02516
0.971076
0.935413
1.02148
1.06992
0.998984
1.13617
0.90936
0.950636
1.12092
0.895502
1.0574
1.03455
1.00785
1.14978
0.876243
0.971889
0.959357
1.19933
0.856837
1.15505
1.02872
0.897673
1.06973
1.15087
1.06306
1.04972
1.01018
1.00428
1.12431
0.992773
0.852987
0.847424
1.21817
0.87069
1.02063
1.1069
1.08802
1.01928
1.19062
0.949229
0.987544
0.906443
1.00053
1.12184
1.04168
1.02777
0.958605
0.919516
1.07089
0.983902
1.06023
1.12317
1.06448
1.12073
1.0034
0.916149
1.20583
1.05168
0.670429
0.857873
0.89948
1.14002
0.972468
0.952802
1.00669
1.01352
1.06254
1.06358
1.02048
1.05858
0.953323
0.913482
1.14711
0.995779
1.04917
1.08389
1.04182
0.952024
0.876432
1.01233
1.08426
1.1175
1.03995
0.953934
1.04913
1.02663
1.01256
1.07425
1.0268
0.896326
0.981355
1.00234
1.09922
0.915588
0.816298
0.888669
0.895422
1.06195
1.04234
1.09916
1.13974
1.10921
1.32311
0.997985
0.874861
0.928967
0.941739
1.12977
0.97923
1.00406
1.03613
1.10488
1.04928
0.871199
1.04524
1.08242
1.09356
0.98277
1.09984
0.916771
1.04685
0.906708
1.01782
0.84298
0.944493
0.905957
1.07292
0.803126
1.1851
0.975898
0.921391
1.05447
1.19345
0.933965
1.01218
1.06848
0.846464
1.11114
1.01772
1.03798
0.85375
1.02671
1.02477
0.906657
0.878583
0.913151
1.08456
1.00992
0.9257
0.979116
1.11075
1.01678
1.13675
1.06232
0.896738
0.948121
1.00406
1.1456
0.935298
0.963438
1.02683
0.962891
1.10855
1.02775
0.993117
1.15894
0.999505
0.873357
1.10655
0.963675
1.15462
1.09647
1.06692
1.02752
1.05439
0.864693
1.04289
0.880036
0.982015
1.0703
1.02184
1.10021
0.931158
0.929506
1.08624
1.01115
0.973094
1.03462
0.950397
0.858962
1.02446
1.19451
1.08231
1.02374
1.02964
1.02673
0.929412
0.980095
0.856595
0.90926
1.03374
0.958773
1.07657
1.01593
1.01784
0.910645
0.834823
1.09794
1.05773
1.06199
0.833541
0.92097
1.162
1.04401
0.995986
1.02045
1.10822
0.979823
0.869749
0.938947
0.859097
0.995658
1.10456
1.02073
0.995211
0.948206
0.981688
0.986499
0.985283
0.975112
1.004
0.953275
0.943174
1.07361
0.895791
1.02725
0.900432
1.11138
0.866146
1.07198
0.948322
0.831622
1.11212
0.985156
1.06364
0.996563
1.2321
1.00867
1.044
0.934213
1.1017
1.01368
1.10401
0.936541
1.03642
1.07476
0.947381
0.980889
1.13503
1.04715
1.01335
1.05053
1.02906
1.02336
1.22966
1.07651
1.21164
1.06168
1.05641
0.978446
0.911818
0.95435
0.983661
0.920309
1.04065
1.01967
1.04397
0.924244
0.957741
0.982496
0.893364
0.950005
1.51732
1.0939
0.929671
1.09522
0.99721
0.924335
0.938667
0.975672
1.06472
0.951622
0.988316
1.14506
0.869574
1.05524
0.898689
0.968724
1.13232
0.887968
0.997336
1.11815
1.17322
0.946048
1.12253
1.00246
0.964846
1.05883
0.949826
0.937764
1.15192
0.953026
0.923496
1.15677
1.20282
0.967408
0.847597
1.09575
1.16943
1.12897
1.12422
1.05206
0.873412
0.98494
1.08688
1.0396
1.03381
0.946466
0.944848
1.0011
0.941887
0.862837
1.18457
1.01445
1.20219
0.989404
1.0482
1.01704
0.895423
1.09389
0.982757
0.921799
0.961035
1.19911
0.876898
0.985864
0.90809
1.03268
1.0251
0.831575
0.903811
1.30226
1.01224
0.882318
0.940256
0.936817
1.01424
1.12249
0.909732
1.16275
1.17197
1.04628
0.968543
1.09197
1.00113
1.09465
0.94829
0.798682
1.04035
0.935147
0.909412
0.900359
1.04342
0.864686
1.11469
1.0158
1.07423
0.912747
0.799798
1.08536
1.03998
1.08581
1.02604
0.97583
0.906181
0.919699
0.801278
1.10141
0.907007
0.927328
1.12149
0.948175
0.876748
1.06555
0.874349
1.00212
1.1677
1.12898
1.01658
0.992363
0.977876
1.0267
1.04255
0.996324
1.02037
0.934035
1.01881
0.889989
1.04777
1.05711
0.923614
0.784344
0.965979
0.943721
1.00559
0.822212
1.08317
0.966057
1.02199
0.945796
0.8594
0.894596
0.948561
1.02658
0.825475
1.03654
0.892448
1.07182
0.97533
1.06911
1.11072
0.975501
1.00597
1.06566
1.3348
1.05407
0.987327
1.03115
1.07066
0.9706
0.940649
1.03668
1.21634
1.03589
1.00506
0.904355
0.903505
1.06357
0.894633
1.08682
0.963972
0.901737
0.927406
0.852296
1.07221
0.997935
1.00711
1.20025
0.917815
0.885995
1.22685
1.04352
0.920867
1.08939
0.904618
1.06542
1.05056
0.87472
0.889201
0.987186
0.967575
1.10227
1.08033
0.951923
0.881892
1.01945
0.954891
0.906794
1.13463
1.10257
1.00703
0.880514
0.820473
1.11652
1.10882
0.949906
1.15422
1.06154
1.0058
0.887917
1.04585
1.08776
0.986915
0.95495
1.09569
0.987668
0.882573
1.14166
1.08481
0.950869
0.966389
0.96474
0.960968
1.11566
0.960951
0.971938
1.02439
0.998086
1.11914
1.02111
1.11573
0.957321
0.828608
0.885097
1.16722
0.887584
0.921614
0.908632
1.04491
1.0423
1.00037
1.0189
1.09529
1.06903
0.815422
0.98689
0.96645
1.14367
0.870421
0.988483
0.996837
1.08836
0.906616
1.0129
0.917928
1.05511
0.979035
1.01816
0.86817
0.935198
1.06059
1.09428
1.07491
1.1437
1.04283
0.980517
1.14959
1.00893
1.03598
1.06268
1.07315
1.05032
0.988285
1.06474
0.862746
0.946196
0.888514
1.1146
0.933239
0.952104
0.996448
0.971229
0.997811
0.912246
0.877021
1.03464
1.13326
0.920036
1.10585
1.02522
1.0147
0.858084
1.0727
1.02955
1.01872
1.02851
1.00283
1.20364
0.824436
1.0141
1.13903
1.1423
1.05981
1.13217
0.823471
1.05952
1.11982
0.837939
0.970443
0.987738
0.911533
0.848862
0.894645
1.02274
0.859396
1.06331
1.05587
0.99941
1.14578
0.945819
0.910898
0.945772
0.960644
1.09923
1.02514
0.956121
0.922326
1.04123
1.16859
0.99943
0.818756
1.09565
1.15242
0.805787
1.3044
1.11261
1.05679
0.864402
0.986023
0.99007
0.997306
1.10928
0.897976
0.961239
0.890638
0.945563
0.805996
1.09841
1.03603
0.887729
0.844242
1.15031
0.858862
1.04826
1.07777
1.00615
1.13163
1.13584
1.38436
1.0638
1.1898
0.987613
1.17277
0.900307
1.02583
1.07231
1.13421
0.969862
0.925721
1.04009
0.93958
0.895228
0.962105
0.781676
0.939683
0.912816
0.991491
1.14621
1.077
0.897516
1.01908
0.862532
1.12401
1.13062
0.935831
0.879908
1.04278
1.1602
1.0003
0.947159
1.03385
1.00343
1.24092
0.980138
1.09635
0.950294
0.894254
0.925947
0.813156
1.072
0.875133
0.799507
1.18633
1.11919
1.06458
0.88979
1.00703
0.911064
1.08166
1.05204
1.083
1.04578
0.866719
1.02188
0.881347
0.898421
0.977869
1.0032
1.15225
0.937226
1.14129
0.930026
0.8832
1.03789
1.07235
1.16511
0.862467
1.02469
1.02281
1.04707
0.901371
1.00601
1.00791
1.1972
0.953613
1.07444
0.841089
0.960458
1.06446
0.958889
1.0323
1.08428
0.933474
1.03524
0.910764
0.948253
0.803435
0.920187
1.00225
1.13294
0.988514
1.03653
0.897878
1.07797
1.12565
1.09032
0.942804
1.16228
1.25058
0.879676
1.09085
0.906048
1.11847
0.964162
0.954523
1.12388
0.823581
1.03053
0.88656
0.896827
0.887821
1.02845
0.969413
0.857904
1.01628
1.12442
1.22019
1.02877
0.925017
1.04212
1.09109
1.03278
1.00477
1.20662
0.941456
0.868142
1.04477
1.11181
0.881235
1.12639
0.916182
1.18226
1.0371
0.956645
0.912506
0.924091
1.04939
0.827997
0.950732
0.982689
0.998344
0.940216
0.967696
1.06094
0.985613
0.962364
0.958886
1.03874
1.2127
0.929924
0.812499
1.01084
0.933402
1.16979
1.00013
0.943579
1.10871
0.87067
1.00573
1.06799
1.08688
0.879849
0.948722
0.98037
1.1337
1.07496
1.03224
0.930682
0.899317
0.874797
0.963072
1.02573
1.04667
1.12801
0.903244
1.03688
0.956223
1.03166
0.910288
1.1868
0.965432
0.951915
0.895273
0.929625
0.973274
1.23217
1.19165
0.955179
1.08206
1.17061
1.11064
1.02497
0.884276
1.37054
0.840098
1.02791
0.924374
0.915068
0.918925
1.00163
1.10237
1.1004
1.06081
1.07696
0.857027
0.853703
0.956937
1.04398
1.00185
0.958062
1.18979
0.950924
0.826227
1.06081
0.899098
0.960626
1.02771
0.95653
1.06659
1.09735
0.865889
1.10008
0.944583
1.10331
0.941608
1.26059
1.08385
1.2198
0.848754
1.04758
0.979748
1.12854
1.00984
1.22344
1.13403
0.960622
1.10414
1.06338
0.877369
1.0591
0.83566
1.02423
0.991834
0.919865
1.15474
0.907172
0.929167
0.798237
1.03132
0.995438
0.937875
0.986695
1.00494
1.0099
0.984427
1.08275
1.06812
0.922431
1.1371
0.854919
0.978888
1.0715
1.01378
1.07159
1.01593
0.98723
0.845966
0.894807
1.08108
0.931861
1.06697
1.14902
0.820806
0.925905
0.989388
0.990462
0.784567
1.05164
1.03797
0.952967
1.06828
0.830366
0.99025
1.1323
1.00876
1.02208
0.811499
1.11785
0.96981
0.948372
1.1256
0.986647
0.944315
1.17005
1.0983
0.975078
1.0116
0.925662
0.966892
0.904659
0.811362
0.986942
1.04086
1.2159
1.10352
0.977513
1.11892
1.00278
0.955364
1.05455
0.887894
1.0493
1.02951
0.994265
0.871666
0.938308
0.8573
0.887447
0.985652
0.870076
0.983261
1.08904
1.0628
0.800955
0.901859
1.0142
0.825177
0.893695
1.08978
0.839291
0.941305
1.16507
0.946482
1.03745
1.13819
1.1141
0.993125
0.941002
1.13279
1.05359
1.03886
0.95074
0.980571
1.03731
0.94893
0.998266
0.872955
0.932177
1.07807
1.10856
1.03587
1.09588
0.977878
0.972566
0.962341
0.837938
1.03874
1.07512
0.9494
0.947986
0.964224
1.11027
1.0819
0.98908
0.980337
1.15775
0.900778
0.922926
1.10396
1.01894
1.18332
1.05277
1.09417
1.10257
1.02859
0.982964
1.01206
0.987608
1.01143
1.09264
1.02359
1.04295
0.946983
1.08456
0.836014
0.970062
0.896794
0.898156
1.10715
1.02882
1.10384
0.932461
0.9588
0.862949
1.18049
1.21499
0.956392
1.23216
1.00541
1.08395
0.878178
0.888031
1.06811
1.07219
0.960788
0.932226
1.08959
1.07493
1.00562
0.901696
1.04581
0.827491
1.04526
1.11228
0.879902
0.796269
1.06364
0.926923
0.951769
1.08209
1.09502
0.994753
1.01633
1.18388
0.938103
1.17758
0.95148
1.07035
0.86956
0.912716
0.905835
0.945163
0.858199
0.973046
1.01089
0.96844
1.11417
0.973014
0.943534
0.978597
1.15734
0.733269
0.943253
0.997844
1.02144
1.0397
0.955942
0.887678
1.14682
0.885472
1.03573
1.05017
1.03609
1.11282
1.01932
0.937338
0.972157
0.910876
1.08391
1.07916
1.01304
0.951518
0.961701
0.910552
0.985047
1.08419
0.861591
1.15146
1.16763
1.01729
1.07839
1.1597
1.07917
0.991249
1.12936
1.09734
1.18396
1.01771
0.776465
0.821311
1.09807
1.00622
0.884563
1.01462
1.17849
1.20295
1.1215
0.987128
0.993346
1.01432
1.09471
0.995018
0.91453
0.847204
0.921089
1.09166
0.994991
0.908408
1.13096
1.08744
0.930631
1.03207
0.94959
0.922065
1.06044
1.05384
1.15665
0.975829
1.01709
0.840838
0.937258
0.929505
1.14133
1.06406
1.0102
1.08676
1.0022
0.892487
0.93936
1.04188
1.0477
0.732244
0.794978
0.979495
1.16856
0.912078
0.903171
0.933136
1.03753
1.16072
0.958954
1.00783
0.954554
0.927945
1.16447
1.06162
0.842999
1.00854
0.89611
1.05631
1.06824
0.921256
0.996927
0.921165
1.09077
0.904807
0.959392
0.906193
0.991964
0.851634
1.11583
1.04238
1.02535
1.02732
0.933641
0.986759
0.95629
1.05931
0.941528
0.948338
1.03358
0.891122
1.0069
0.969188
1.08002
1.26533
0.940433
1.11883
0.88903
0.993455
1.13117
0.883164
1.0659
0.911175
1.08962
0.97513
1.02277
0.992622
0.996114
1.13748
1.02069
1.04643
0.909742
0.928972
0.867284
0.865409
0.938433
0.833724
0.894826
0.995816
0.955449
1.17825
1.01582
0.970681
0.815165
1.1346
0.989732
1.0929
1.06857
1.00232
1.03066
0.930387
1.04997
0.932919
1.04275
0.943542
1.053
0.841811
0.980338
1.04228
0.996931
1.11704
1.13251
1.05985
1.10133
0.83864
1.04264
0.913797
0.867403
1.14254
1.05178
0.87308
1.22437
0.919303
0.999315
0.954054
0.98253
0.921519
1.1955
1.04977
0.865703
0.996595
1.00076
1.03046
0.878672
0.971369
1.01551
0.963069
1.07224
1.17466
1.0707
0.933856
1.12769
1.01722
1.0595
1.09024
1.1507
1.0046
0.885083
1.14289
1.05361
1.02589
1.06802
1.0793
0.883416
0.836061
0.862134
1.01055
0.932342
0.858467
0.893982
0.934904
1.05769
1.28053
1.11447
1.07608
0.805354
1.08822
0.956809
1.01621
1.2272
1.05654
0.935568
0.81045
0.950871
1.01572
1.1405
1.09352
0.921051
1.00831
0.865045
0.850047
0.822657
1.02249
1.06713
0.988623
1.09245
1.05601
0.910843
0.941129
0.985427
0.97906
0.944712
0.999138
1.16408
0.898443
0.998229
1.08605
0.978623
0.846839
1.15673
1.13378
0.938869
0.888782
0.976812
1.0324
0.958413
1.01613
1.05521
0.820588
1.15789
1.15263
0.864404
1.03586
0.806568
0.997138
1.12277
0.949123
0.912551
1.39129
1.05115
1.15733
0.891936
1.15556
0.934514
1.03308
0.935546
1.08166
1.13855
0.979584
1.06195
1.09202
0.929468
0.864493
0.966856
0.962954
0.929774
1.08998
0.861986
1.03893
1.12655
0.968653
1.07819
1.04118
0.991157
0.916671
0.904557
0.915919
0.845932
1.09592
1.16961
0.949787
0.990557
1.03623
1.0077
1.11379
0.896058
0.94199
1.05123
1.04739
0.819511
0.892467
0.925417
0.995974
0.870982
0.922062
1.09347
1.00303
1.18101
1.03123
0.995318
0.918003
0.916383
1.18262
1.05506
1.12981
0.991501
1.04733
1.06608
0.974594
0.923858
1.10658
1.03559
0.75769
0.913856
0.964338
0.987077
1.03605
0.903832
0.955382
1.00927
1.173
1.02885
0.990426
1.0519
1.1482
0.969403
1.05678
0.954084
1.21986
1.15735
1.03255
0.962403
0.929766
1.04475
0.842524
0.906596
0.88628
1.00726
0.881362
1.01026
1.0664
1.03787
0.921981
0.96117
0.910446
1.12499
1.12446
0.863849
0.837852
1.06741
1.01039
0.974457
1.02154
1.07812
1.14865
1.05617
0.864228
1.16854
0.962948
0.87213
1.22775
0.997282
1.05661
0.978312
1.08952
0.99829
1.00129
0.987729
1.06887
0.940869
1.08971
1.2101
1.03875
0.930898
0.972903
1.02689
0.913839
0.941511
0.819828
1.09759
0.964979
0.949445
1.0373
0.962705
0.89461
1.01941
0.912283
1.01263
0.956731
0.986875
0.938463
1.04877
0.901285
1.11293
1.05372
1.01091
0.952086
0.872849
1.07465
0.855192
1.00318
0.952472
0.855831
1.00389
0.904847
0.920885
1.01462
0.938509
0.980429
1.00986
0.949982
1.06349
0.959599
0.799222
0.90395
1.19462
0.9496
0.987652
1.01594
0.991984
0.854649
1.14106
1.0273
0.953197
1.09666
1.29952
0.948107
1.09904
1.15071
0.915848
1.08499
1.04435
1.02518
0.963124
0.829063
0.94464
0.973645
1.0086
1.08991
0.985946
1.10047
0.880142
1.13241
0.83484
1.0368
1.08546
0.959985
0.907748
0.94866
0.962154
0.848219
0.917663
1.0043
1.04054
1.1749
1.1546
0.943364
0.838895
1.19945
1.15624
1.12268
0.934789
0.975466
0.945331
1.09213
0.958036
1.0967
0.993461
0.911094
1.09698
0.986387
1.00109
0.988612
0.941852
0.940028
1.0533
0.969825
0.963374
0.949733
0.977613
1.07561
0.785547
1.12462
1.01231
0.87861
1.04875
0.898139
0.901997
1.00191
1.02888
0.997711
1.20303
1.04776
0.972922
0.968955
0.929563
1.00185
1.14391
0.913073
0.987861
0.884211
0.960583
1.03727
0.892297
0.790706
0.943647
0.819495
0.938326
0.982443
0.993876
1.07847
0.909154
1.02101
0.893012
1.04614
1.107
0.976376
0.919915
1.03065
1.00667
1.22104
0.936688
1.15169
1.0458
1.09079
0.927878
1.01757
1.06265
1.03338
0.988725
1.11099
1.14586
0.913539
0.874221
1.01389
1.14802
0.989728
0.773311
1.03497
0.964131
1.25601
1.161
0.959279
0.944229
0.872549
1.10451
1.12728
1.24282
1.02984
0.951042
1.03151
0.778884
0.94986
0.819797
1.13813
1.01017
0.993642
0.922553
0.959353
1.06052
0.865196
0.950282
1.03531
0.937508
0.913874
0.983027
1.0089
1.15657
0.895664
0.980558
0.968044
0.985428
1.00399
1.13173
0.870609
0.963823
1.04334
1.03135
1.12657
1.00472
0.872317
0.973179
1.14137
1.11587
1.03604
0.91211
0.923741
0.934372
1.14211
0.844697
1.21114
0.882193
0.970289
0.961003
0.904798
0.900467
0.903311
0.963683
1.10105
0.950115
1.21834
0.918212
1.11345
1.02894
0.981983
0.962616
0.969903
0.84703
1.10608
0.820285
1.14188
1.05009
0.865539
1.0364
0.947002
0.972111
0.852956
1.00615
0.788027
1.08509
1.04193
0.935729
1.00015
1.08252
0.983547
0.885113
1.13025
1.08099
1.01747
0.91384
0.891093
0.912391
0.896711
1.09525
0.936232
0.866666
0.954605
0.993104
0.967753
1.0472
0.95422
0.890878
1.0345
1.15444
1.04786
0.98308
0.969731
0.962241
0.903535
0.817442
1.05446
1.0911
1.05332
1.06432
0.986552
1.01467
0.935757
0.939062
0.986512
0.790145
1.12796
0.876607
1.2444
0.857883
0.893096
0.899799
1.04706
1.11824
1.02376
0.956601
1.09652
1.07273
0.85696
0.944042
1.26022
0.985779
1.11661
1.05233
1.06874
0.979618
0.884927
0.907743
0.937491
0.944726
0.93309
1.0407
1.08664
0.815166
1.04614
0.944627
0.936413
0.90588
0.856259
1.0867
0.982501
0.829091
1.06621
0.811181
1.02256
1.13981
0.893377
0.882226
0.942861
0.776064
1.07058
0.957767
0.964799
0.905223
0.812266
1.23605
0.960786
1.08685
1.00689
0.957309
1.11098
1.06908
1.00574
0.958695
0.913207
0.927033
0.94627
1.1426
1.02438
0.916649
0.874185
1.01137
0.895577
1.0263
1.0926
1.00986
0.940113
1.32912
1.06304
1.07115
1.21273
1.10786
0.850127
0.991586
1.00607
1.08333
0.889245
0.870435
0.929924
0.936762
0.98376
0.961363
1.01672
0.98105
1.17773
0.985888
1.04251
0.928611
0.967436
1.02963
1.04653
0.792616
1.13764
1.04417
1.0095
1.05593
0.965376
1.00297
1.05398
0.857278
0.96226
1.13481
0.908304
1.11398
0.979194
0.991643
0.874272
1.0065
0.896177
0.923645
1.09764
1.22024
0.936171
1.00352
1.17951
1.06524
0.894773
1.06862
1.286
0.971194
0.998949
1.0441
1.08485
1.09479
1.03052
0.993146
0.865372
0.985544
0.865962
1.12393
0.995644
1.02395
1.135
0.939088
1.11945
0.965689
0.933033
1.11634
0.977506
1.16491
1.08058
0.97996
1.26872
0.944047
0.907881
1.09146
1.1586
1.25387
1.09664
1.07039
1.14594
0.851325
1.11854
0.997018
1.05283
1.18702
0.812969
1.21422
0.84612
0.789701
0.93895
0.854179
1.10576
0.849623
1.11567
0.897054
0.93392
0.940328
0.918185
1.05854
1.18395
1.08242
0.801634
1.00247
0.852098
0.899373
1.05076
1.16324
0.944355
0.91711
1.09529
1.0524
1.10439
0.951949
1.29145
0.976004
0.950665
1.16541
0.904752
0.891979
1.07602
0.880585
0.992154
0.99784
0.872553
1.14899
1.03164
1.20778
0.812554
0.913319
1.00367
1.05976
1.07378
0.949657
0.946842
0.953209
1.0829
0.923613
0.946697
0.855844
1.06119
0.909788
1.0628
0.999373
0.932515
0.977096
1.06322
1.10573
1.1524
0.967826
1.04197
0.851841
0.923221
1.12098
0.989772
1.08459
1.02879
0.993124
0.914444
1.02652
1.01979
1.02682
0.924125
0.934788
1.17307
0.996922
0.857425
0.98053
1.04786
0.860379
0.89289
0.858246
1.03657
0.884348
0.951998
0.887223
1.14799
1.0395
0.949864
1.07985
0.965553
0.910152
1.00575
1.10034
1.01107
0.874541
0.831546
0.928061
0.875547
1.07593
1.0833
0.9322
0.957487
1.03786
1.0906
1.16764
1.0223
0.9436
1.08548
1.14077
1.11186
0.996958
0.922425
1.00566
0.990387
0.972268
0.887643
1.01315
0.936202
1.06045
0.990732
0.926777
1.34654
1.0449
1.17065
1.21772
1.17146
0.974174
1.04686
0.962518
1.06609
1.01181
0.944153
1.03683
1.05129
0.870734
0.916909
0.912895
1.09421
1.1526
0.97212
1.07036
0.899297
0.915873
0.840496
0.839441
1.09113
0.953556
1.22019
0.868898
1.00804
0.894618
0.9831
1.18126
1.03995
1.13126
0.828356
1.11558
0.909031
1.26634
0.949764
0.955533
1.31119
0.980533
0.863683
0.866912
0.915686
1.02293
1.02143
0.985893
1.12155
0.982204
1.00246
1.02069
0.960539
1.03581
1.128
1.05652
0.964109
0.96446
0.965191
0.940277
0.816717
1.18285
0.727034
1.03624
1.03918
0.97605
0.935309
0.95025
0.932254
1.00883
0.888314
1.05595
1.09128
1.02437
1.09965
1.01457
0.906068
0.907144
0.995594
1.07791
1.01679
1.07298
0.965743
0.849689
1.12659
1.06466
0.993154
1.21084
0.949405
1.2064
1.05614
0.868721
0.757693
0.938209
0.926893
0.961028
1.0808
0.980206
0.996145
0.898487
0.816858
1.06146
1.00716
1.02235
0.934426
1.08685
1.04697
1.06844
1.01253
0.91451
1.06688
0.795113
1.03859
1.07502
0.881043
1.10985
0.873588
0.916376
0.833432
0.982577
0.804632
0.990811
0.933003
0.889505
1.08683
1.09253
0.95824
1.06273
0.903181
0.858487
1.14059
1.05632
1.03226
0.835419
0.907212
0.999627
1.04658
0.911767
1.03147
1.07013
0.845652
0.964601
1.00014
0.979771
1.03312
0.978609
1.00168
1.24259
0.88324
1.04585
1.09296
0.890689
0.821829
1.02475
0.872882
1.02557
1.07217
1.0073
1.02714
1.18462
1.15265
0.938864
0.9557
1.11438
0.922293
0.923585
0.906217
1.09712
1.13011
1.00623
1.01366
1.10626
1.02444
1.03511
1.06437
1.14235
0.887688
1.11131
0.960563
1.0518
1.03314
1.24423
1.03773
0.816558
1.02986
0.78301
1.02147
0.962351
0.983651
0.931814
0.995982
1.02179
1.19913
1.02
1.12266
0.933812
0.912775
0.948585
0.926538
0.987426
1.14914
0.982169
1.13818
1.1003
0.954306
0.964819
1.03565
0.814341
0.976534
1.03469
1.02808
1.00644
1.02912
1.02272
1.00146
0.930865
0.996248
0.948318
0.941727
0.905478
1.00341
0.957151
1.08776
0.991338
0.994247
1.14868
0.877434
1.01854
1.04617
0.87027
1.13909
1.07408
0.991878
1.00382
0.892704
1.05279
1.05706
0.938175
1.05451
0.983591
1.12504
0.963807
0.900043
0.983696
0.824812
1.02548
0.920958
0.941516
0.790326
0.768068
1.11309
1.03892
0.966199
1.2719
1.02921
1.02553
1.01266
0.954079
1.11969
1.0221
1.1135
1.10881
1.09832
1.09139
0.91305
1.0523
0.986802
1.02941
1.02738
1.0632
1.14829
1.14026
0.98341
0.83008
0.942258
1.0355
1.07357
1.05332
0.900007
1.03017
0.852662
0.919436
0.797758
1.09185
0.921779
1.07589
1.11059
1.08274
0.934978
1.03646
1.06947
0.954721
1.04277
0.998647
1.01577
1.12333
1.04671
1.2193
0.936065
1.07186
0.864857
1.02291
0.93052
0.895956
0.927284
0.891693
1.23228
0.982484
1.09315
0.944122
1.02206
1.05124
0.967599
1.10532
0.954169
0.77076
1.15155
0.99139
1.06682
0.930777
0.874602
0.992593
1.2785
0.773652
0.7594
0.999112
1.05641
0.990003
1.00284
1.04244
1.05428
1.19816
0.984479
0.959125
0.974685
1.04693
1.10189
0.905991
0.805525
1.00798
1.00552
1.00546
0.889203
0.875715
1.07282
1.02379
1.16399
0.95963
1.10947
1.15055
1.13587
1.09578
1.15298
0.949622
0.917124
0.965181
1.24505
1.0752
0.951134
0.991862
1.04136
0.988994
0.970957
0.998436
1.05807
1.09445
0.962375
1.0875
0.901656
0.972744
0.974849
0.922279
1.0073
0.948878
0.918384
1.08715
0.947721
1.00295
0.838805
0.943356
0.81256
0.959995
0.913926
0.89563
0.940014
0.98391
1.06018
0.907437
1.0495
0.94504
1.08955
1.03414
1.00666
0.949703
0.869381
1.00959
1.02856
0.9083
0.896963
0.929478
0.711656
0.984848
1.00882
0.955081
1.03405
0.986222
1.10553
0.997714
0.958991
0.949282
1.26091
0.910547
0.955656
0.957357
1.14346
1.09984
1.02982
1.21291
1.00057
1.06063
0.908818
1.0862
1.0199
1.17959
0.946663
1.07929
1.00118
0.857044
1.08572
1.08016
1.00735
0.890855
1.17767
0.950877
0.939713
1.08672
1.05828
1.06171
0.925994
0.972659
0.910837
0.941129
0.977719
0.869841
0.933224
1.2153
1.06322
0.779798
0.900409
0.996988
1.03482
1.03543
1.19237
0.986739
1.00592
0.97872
1.08192
1.15744
1.25113
0.910298
0.820824
1.1238
0.98417
1.16315
0.957383
0.885399
0.938643
0.849802
0.964816
1.07111
0.821712
1.23445
1.24237
0.972244
1.16006
0.966474
1.15778
1.04211
1.01808
0.866342
0.990121
0.910362
0.870987
1.07597
1.06624
0.993687
1.09069
1.02075
0.884072
0.844262
0.886658
0.842724
0.866356
1.01942
1.0613
0.977283
1.06636
0.943581
1.10615
0.966485
1.00405
1.04162
0.864285
1.0618
0.965231
1.19753
1.02718
0.892031
0.95107
0.947012
1.03576
0.959889
1.08475
1.06814
0.802826
1.03674
0.766755
0.904744
1.13492
0.929284
1.18179
0.931037
0.975318
0.855065
0.947869
0.870134
1.07507
0.975192
1.21743
1.14041
0.875142
0.985407
1.04768
1.01985
1.07598
1.00028
0.96705
1.0524
0.978019
1.17248
0.928245
0.915671
0.991771
1.21326
1.02234
1.00676
0.878078
1.03313
0.971474
1.03012
0.770299
1.0526
1.05226
0.923811
1.06163
0.984395
1.03716
0.90683
0.974486
0.943781
1.01792
1.00863
1.03466
1.14396
0.932497
0.954467
1.04026
0.928912
0.781627
0.947492
0.943397
0.966029
0.968229
0.998865
1.01807
1.07166
0.897282
0.826604
1.25662
1.06004
0.923876
0.907977
0.987758
1.06463
1.00028
0.987473
0.987651
1.07469
0.992849
1.29155
1.01388
0.93937
0.888648
1.05183
0.859968
1.01743
0.978406
1.05655
1.08148
0.911943
0.99938
1.03343
1.01264
0.865726
1.07414
0.924621
0.931339
1.21953
1.029
0.97343
0.944881
1.01239
0.936753
1.061
0.836297
0.942272
1.10112
1.18221
1.02527
0.968677
0.924989
1.06797
0.898565
1.04298
1.04462
1.01067
1.07886
0.867306
1.09706
1.01527
0.932785
0.975324
1.12341
1.04236
1.1077
0.897942
0.952099
0.937032
1.11574
1.0027
1.19714
1.00013
1.01152
0.923129
1.01384
0.877812
1.06513
0.833894
0.89539
0.988255
1.10985
0.993001
0.897413
0.911334
1.01352
1.17513
0.95954
1.07915
1.02117
1.04788
1.25493
0.993886
1.02072
0.842638
1.1721
1.19859
0.961759
0.978018
1.14017
0.850257
0.961185
0.984293
0.864724
0.917782
1.02552
0.898535
0.999817
0.924997
0.995243
0.828317
1.07375
1.07128
0.964543
1.01533
1.11893
0.970234
1.01983
1.22549
1.20838
0.859739
1.00062
0.973604
0.964703
0.928907
1.08602
1.02867
1.27755
0.911381
0.957511
1.01061
1.07476
1.05361
1.03578
1.04663
0.952923
0.93333
0.925551
1.00898
1.10244
1.08033
0.961353
0.889059
1.06318
1.01388
0.956251
0.921061
0.837342
1.11355
0.911417
1.18691
0.913869
0.98167
0.974145
1.00029
0.941609
0.859136
1.30194
0.988402
1.08493
1.12063
0.894889
0.896574
1.09686
0.907572
0.788747
0.89089
1.08921
1.05182
1.1326
1.00483
0.916274
0.981554
0.972806
0.966215
1.0746
0.906685
0.994157
0.817572
1.09816
0.961797
0.970303
0.909688
0.938313
1.01359
0.964784
1.12517
1.00717
1.0264
1.09187
0.835065
1.02144
1.10189
0.998572
1.02811
1.13302
0.925856
1.09749
0.911586
0.919704
0.872213
0.726919
0.952914
0.907064
0.961579
1.08331
0.97834
0.884691
0.971425
0.837828
1.02424
0.988138
0.932454
0.893536
1.0771
0.928522
0.849643
1.05959
0.910337
0.871077
0.911145
1.09698
1.12899
1.10663
1.05325
0.989496
1.06529
0.9716
0.842321
0.99406
0.964739
0.880818
0.906327
0.944238
0.954214
1.09976
0.961434
1.1455
0.952097
1.06536
1.00423
1.0012
0.973834
1.20779
0.959828
1.03419
1.00426
0.864243
1.00826
0.839381
1.06477
1.06617
0.994648
0.910874
0.941177
0.966143
1.0473
0.976204
1.21417
1.15233
1.14205
0.934608
1.0213
1.15114
0.93868
0.923455
0.953118
0.855334
1.07524
0.845057
1.01548
1.06817
0.997502
0.886759
0.984629
1.1319
1.01088
0.91649
0.762555
0.853107
1.03945
0.953436
0.898773
1.0596
1.09246
0.850004
0.944976
1.09917
0.917433
0.957593
0.859464
0.828677
1.10675
0.983754
0.960314
1.27456
0.845045
0.847572
1.02211
0.98347
0.881357
1.01603
0.95764
1.06093
0.966611
1.17174
1.19999
0.774267
0.958253
1.1055
1.13068
1.03547
1.1441
0.973528
0.899957
0.92396
0.940607
1.02653
1.06035
1.00807
0.987507
0.885992
0.913114
0.996165
1.14896
1.024
0.78454
0.879912
1.03244
0.88965
1.18897
1.09681
0.923271
0.95136
0.984441
0.90377
1.15392
1.09795
0.847185
0.813363
1.04293
0.850283
1.02565
1.12703
1.07398
1.00863
0.919855
1.0966
0.98744
1.00162
0.857476
0.864577
0.951858
1.10472
1.18133
0.870339
0.897139
0.95529
1.03414
0.864214
1.02493
1.00444
1.03122
0.982636
1.06631
1.1022
1.04404
1.08841
1.01399
0.912151
0.882431
1.07705
0.991125
1.04628
1.06937
0.960892
1.04427
0.961589
0.90035
1.06862
0.889155
0.978165
0.982158
0.915217
0.973801
1.10608
0.86022
0.9597
1.0109
1.12601
1.09821
0.843482
0.955583
0.936761
1.12787
0.811495
1.08799
0.982987
1.02447
0.980015
0.853196
0.949929
0.883273
1.01846
1.09708
1.01083
0.788874
1.13431
0.956814
1.04194
0.910144
1.15326
0.859336
1.24554
0.967364
0.97799
0.985778
0.945135
1.02769
0.953081
1.04494
0.901406
1.00053
0.956723
0.98443
1.06192
1.16687
1.01308
0.986115
0.852808
1.08059
0.98539
1.05648
1.18338
0.882197
1.057
1.08324
1.00196
0.968683
1.12175
0.818982
0.924179
0.958549
0.837165
1.01729
1.18744
0.895478
0.907823
1.06791
0.997623
0.899043
1.12067
1.26043
0.986982
0.807408
1.11442
0.931915
0.916547
1.0036
0.990251
1.07104
1.07363
0.940222
1.07023
0.896671
1.1649
1.07078
1.11158
0.760552
0.827755
0.995981
0.962623
0.935715
1.10326
0.94426
0.903156
0.883358
1.13147
1.04985
0.973372
0.91563
0.99416
0.934533
1.00103
0.96478
1.04475
0.997583
0.978619
0.946177
0.917617
0.92532
0.939297
0.781192
1.15563
0.929105
0.8328
0.91747
0.873057
0.952875
0.854191
1.07117
0.984391
1.13127
0.981796
1.27874
1.00208
0.880772
1.10657
1.04166
0.921493
0.913749
0.818674
0.967536
1.00373
0.961277
1.08493
1.05239
0.841719
1.14882
0.962927
0.941499
0.928822
0.983084
0.85614
1.04007
1.01193
0.973304
1.08067
1.0788
0.990394
1.05872
1.07225
0.873818
1.09394
0.91463
0.981089
0.962916
0.869041
1.03049
1.01997
0.89899
1.20606
0.879668
0.926036
1.00666
1.00608
0.961425
1.05868
1.06091
1.02912
1.04732
1.00865
0.959611
0.811227
1.04229
0.925803
0.923108
0.950479
0.962839
0.958361
0.934438
0.907549
0.921597
0.982089
1.08406
0.910835
0.900767
0.895861
0.94498
0.986064
0.93641
1.2794
0.974905
0.880705
0.908231
0.96814
0.835496
1.12323
1.02244
1.04392
1.08306
0.900797
0.946842
0.891014
1.03316
1.19702
0.988901
1.05561
1.11603
1.12596
0.904838
1.14968
1.02039
0.882518
1.01272
0.902322
1.22604
0.96605
0.957326
1.19718
0.957554
1.04387
1.17373
0.940664
1.09194
0.840394
1.16928
1.12047
0.934069
0.831158
1.00487
0.994313
1.05691
0.930915
0.966571
0.882911
1.02932
0.930408
0.874236
1.08324
1.15458
0.926132
1.12607
0.998678
0.906307
1.14878
0.973653
1.01346
0.912226
1.25372
1.00865
0.973682
0.810976
0.91103
1.00078
0.947472
0.934609
0.967579
0.983388
1.29062
1.04555
1.11203
1.10319
0.934898
0.99335
0.950972
1.00577
1.04294
0.946842
0.940875
0.833375
1.01041
1.00116
1.04395
1.11121
0.877032
1.04886
0.862666
1.12512
1.00947
0.925716
1.06381
1.09109
1.04985
1.16596
0.778644
0.963923
1.06904
1.06374
1.0194
1.18433
0.853186
0.860592
1.03239
0.905476
1.04854
0.899018
0.95093
1.10903
1.00258
1.10031
0.829075
0.956997
0.795941
0.938314
0.921144
0.894027
1.08379
1.01921
1.09099
1.13871
1.04006
0.874995
0.920696
0.855496
0.80811
0.823779
0.993806
1.05057
0.758598
0.814092
0.869625
1.07943
1.0333
0.912138
0.929387
0.868094
0.805752
0.984808
0.873281
0.891236
1.0372
0.87916
1.09502
0.936493
1.26262
1.07906
0.972977
1.08232
1.06955
1.02424
1.13348
1.03329
1.04442
1.0185
1.16411
1.00999
0.866574
0.985238
1.00522
0.982726
0.979133
0.949614
1.19999
0.991078
0.893472
0.95955
1.12889
0.88311
1.14424
1.02887
1.06031
1.01351
0.981863
1.03409
1.25355
1.02074
1.04861
1.04101
1.13368
0.943839
1.20933
1.02459
1.12285
1.2726
0.991004
1.14864
0.887744
0.883266
0.959961
1.10842
1.04585
1.17757
0.818023
0.872051
1.06935
0.747237
1.0763
1.02101
0.974448
0.931615
1.13885
0.997418
1.0096
1.17993
1.05548
1.06393
0.880672
1.05151
0.999069
0.927206
1.00761
1.0855
1.10386
1.13537
1.06651
1.13153
1.0373
1.00959
1.10054
0.94059
0.998143
0.867522
0.978849
1.07241
1.06935
0.875456
1.03662
1.15263
0.983916
1.08786
0.944408
1.03707
0.882955
1.02099
0.899211
1.25848
1.10283
1.03782
1.03438
1.08446
1.02154
1.25277
1.20766
0.913189
1.08149
0.907592
1.13391
0.966198
0.881497
1.13077
0.902531
1.1702
0.933143
0.931003
0.780064
1.07526
1.0433
1.02003
0.907082
0.851903
0.891446
0.961306
0.879036
0.979841
1.04988
0.948988
1.05994
1.23509
1.01175
1.10421
1.03239
1.05586
1.12989
1.2516
1.05652
0.959229
0.897147
0.980986
0.9816
1.02404
1.15555
0.90828
1.01154
0.883548
0.901975
0.932378
0.822109
1.00405
1.09743
0.91573
1.06861
0.984694
1.11411
0.909853
0.976078
1.04616
0.945821
0.91689
0.924956
0.744488
1.05679
0.980267
0.999744
0.889166
1.05959
0.813321
1.14687
0.898914
0.90721
1.0619
1.03532
0.971861
1.06161
0.932714
0.918665
0.937019
1.00046
1.02148
0.864583
1.10226
0.820404
1.0445
0.965589
0.937438
0.934071
0.973252
0.97741
0.934575
0.935797
0.989866
0.950644
1.0432
0.987573
1.14742
0.887279
1.12035
1.09765
0.845664
1.11136
1.08868
1.10121
0.948506
1.08095
1.04883
1.20416
0.946808
1.16758
1.02216
0.883688
1.01205
1.07068
0.925551
1.13613
1.02654
0.881562
0.987732
1.00235
0.987875
0.967091
0.936393
1.16243
1.16406
0.849827
0.903548
1.04735
1.05509
1.08403
0.871771
1.12064
1.0155
1.03062
0.900978
1.12838
0.930839
0.944358
0.901799
1.16787
1.10753
1.00186
1.05547
0.952229
1.29114
0.985286
1.18012
1.00127
1.18391
1.0103
0.999881
1.00048
1.08484
1.07596
1.00517
1.04543
0.961453
0.892509
0.912965
1.09313
1.02352
0.830776
0.991721
0.963061
0.978113
0.989364
1.04973
0.974228
1.08175
1.06056
1.02343
0.869752
1.04884
0.876498
0.985734
0.908073
1.12474
1.01852
1.10267
0.775511
1.01218
1.18397
0.786803
1.23351
0.881921
1.04174
0.940299
1.01423
1.10279
1.07129
0.97606
1.05414
1.12689
0.908846
1.16252
1.12962
1.07826
1.10023
1.0161
0.88014
1.09197
1.05244
1.07439
0.931878
0.993745
1.1856
0.8495
0.961424
1.01675
0.804007
0.968057
0.914235
1.14432
1.15914
1.21325
0.946687
0.938365
0.932532
1.08658
1.00937
1.02202
0.868975
1.0414
1.25011
0.957672
0.941573
1.18631
1.01139
1.19346
1.04004
0.832486
1.08028
1.04393
0.777868
0.977552
1.13133
1.04903
1.04119
0.743421
1.00559
1.07487
1.06435
0.887093
0.928522
0.870921
1.11538
1.01983
0.803465
1.05332
0.969362
0.955078
1.0863
1.0158
0.910557
1.0044
0.919924
0.89941
1.18783
1.06925
0.97416
0.869943
0.973387
1.10529
0.957541
1.14327
0.901625
0.877542
0.933055
1.10613
1.29331
0.844883
0.958241
0.920189
0.854115
0.996888
1.15504
0.924559
1.03831
1.126
1.06298
0.989789
1.02814
1.0564
1.14598
0.881987
0.982781
0.904312
0.905943
1.01137
0.990372
1.02009
1.11603
0.998242
1.15845
1.15928
1.12033
0.981842
1.01949
0.948324
0.9195
0.980918
1.02743
1.07301
0.987267
0.964379
0.920504
0.889871
1.08891
0.969867
1.09947
0.939468
1.17077
0.931261
0.864355
0.798053
1.07989
1.06581
1.01044
0.981787
1.0267
1.23535
1.21033
1.03719
1.02217
0.986492
0.918372
0.993315
1.11772
1.11047
1.05888
1.03125
0.884679
0.984853
1.00817
0.872382
1.29366
0.98946
0.976069
1.0212
1.05496
0.897032
1.07663
0.959996
1.03826
1.18473
0.962948
0.840266
1.0356
1.02494
0.986413
1.25406
0.963269
1.09748
1.11412
0.889449
0.856304
0.977262
1.02408
0.821037
1.03335
1.13446
0.892359
1.00576
1.18588
1.19639
0.938562
0.997104
1.07872
0.985161
0.880671
0.909619
0.828487
1.14222
1.0506
1.33913
0.983594
0.920475
0.993613
0.857721
0.899445
0.878199
0.883978
0.996691
0.989874
1.05298
0.83464
0.934485
0.897551
1.1422
1.22736
1.10323
1.01618
0.979691
0.822257
0.894652
0.870223
1.05842
1.04267
0.871059
0.927518
0.844279
0.90974
0.914982
1.11232
0.835578
0.957403
0.909138
1.02721
1.03712
1.11371
0.98527
0.897184
0.96167
1.06676
1.03628
0.98167
1.2374
0.913783
1.06494
1.00148
0.997502
0.95275
0.918289
1.00571
1.08325
0.904718
0.984369
1.18148
0.942794
0.976974
0.961356
1.00667
1.06533
0.93641
1.21313
0.944573
0.935671
1.01287
0.973657
1.00988
1.16198
0.891688
0.802598
1.00682
1.10516
1.01667
1.22225
1.07941
0.98424
0.804685
0.705073
0.933507
1.15351
1.01473
1.18101
0.888951
1.05021
1.02417
1.0938
1.04649
1.0531
1.23387
1.14426
0.913953
0.895323
0.991932
1.02911
0.887837
1.09881
1.04783
1.04933
1.00535
0.9773
0.834943
0.933415
0.897695
0.94004
0.904658
1.05397
1.00062
1.0367
1.00117
1.04847
0.913545
1.04655
0.996599
1.0287
1.0494
0.92965
0.910856
1.0393
0.966183
1.11737
1.3062
0.967643
1.02256
0.95713
0.936345
0.877894
0.969433
0.856161
1.03343
0.918839
1.04203
1.06192
0.968856
0.882091
0.931084
0.971815
1.00785
1.22506
1.07516
1.08365
1.01092
1.05735
0.797127
1.12276
0.907506
1.0249
0.859158
1.02594
0.957832
0.962073
0.954743
0.851994
0.932894
1.08534
0.948677
0.990405
0.881447
0.934588
1.10156
0.883069
0.985949
1.0011
1.07712
0.955784
0.870681
1.00968
1.01915
0.859618
0.956611
0.973885
1.10802
0.909277
1.04047
0.926438
1.15904
0.948101
0.836621
1.11084
0.985545
1.03683
0.857115
1.0384
0.838181
0.834076
0.806325
0.928146
0.944476
1.0632
1.01228
0.95801
0.833757
1.00808
0.92774
0.9649
0.931297
0.935831
1.05564
1.07437
1.04546
0.925564
0.79521
0.83996
1.12987
0.989328
1.03924
1.0686
0.9347
1.03089
1.07365
1.00107
0.824652
0.967109
1.03385
0.847143
0.897922
0.884981
0.948428
1.03537
0.835561
1.12624
1.12397
1.0242
1.06526
0.992017
0.963907
0.96291
1.06791
1.14753
1.04237
0.990785
1.07884
0.961197
1.05559
1.06083
1.25411
1.01734
0.881652
0.956197
0.857041
0.990076
0.839093
1.06383
1.06197
1.03254
0.979819
1.0076
0.94117
1.1365
0.947283
0.850689
1.00608
1.07575
0.974583
0.862438
1.12851
1.13254
1.16115
1.12321
0.960736
1.02212
0.977645
1.04374
1.03695
0.888364
1.04809
0.956572
0.906361
0.93099
1.04811
1.05084
0.838054
1.0754
1.01714
0.933696
1.07377
1.06139
0.831704
0.953124
0.927328
0.994184
0.962946
0.992891
1.10348
1.10889
1.04006
1.0965
1.01277
1.01862
1.03168
0.908079
0.938417
0.961031
1.01127
0.902689
1.07242
1.06122
0.975401
1.09269
0.996975
1.01261
0.913866
1.08038
1.06899
1.05878
1.14794
0.880691
0.854307
1.07178
0.992164
1.04301
0.841428
0.928286
0.893786
1.02113
0.93279
0.823139
0.898655
0.970011
0.966988
0.887801
0.968161
1.07796
0.781301
0.837171
0.834445
1.10391
0.97427
0.856253
0.716307
0.811827
1.11889
1.09956
1.20197
0.92275
1.03229
1.12771
1.11492
0.872661
1.08754
1.0697
1.19834
0.891945
1.01033
0.93303
0.922998
1.11991
1.03762
1.13576
1.22501
1.10235
0.897479
0.882661
1.14095
0.952723
0.944259
1.00649
0.896574
1.09599
0.924917
0.999213
1.10777
0.937629
0.96603
1.18966
0.99263
1.12046
1.04095
1.01126
0.957169
0.787029
0.971847
0.812848
1.16784
0.818314
0.891222
1.04794
1.08533
1.02368
0.939256
1.28286
0.937157
0.903427
1.10905
0.76385
0.978862
1.10564
0.984232
0.989113
0.798977
0.889825
1.09139
0.937657
0.984656
0.912403
0.904466
1.10359
1.04685
1.04835
0.852576
0.96999
0.994797
1.04119
0.985322
0.859529
0.902598
1.04498
0.880845
0.989762
1.12015
1.03048
1.07858
1.08169
1.15688
1.11787
0.965903
0.87892
1.11108
0.986769
1.06425
0.838609
0.930631
1.12738
1.04792
0.922294
0.878393
0.941765
0.933208
1.06621
1.16952
0.883606
0.919408
1.04447
0.788719
1.11071
1.37683
0.99928
1.06655
1.07774
0.878624
0.949406
1.04727
1.01174
1.21144
0.98596
0.990938
0.993172
1.04474
0.830041
0.881311
0.972381
0.974353
1.03178
1.01608
0.914672
1.04441
0.986542
0.972365
1.16298
0.893146
1.12483
1.03421
1.09017
0.955755
1.12032
1.02615
1.26658
1.02296
1.02665
0.950399
1.08692
1.09367
0.95845
1.00384
1.17983
0.739443
0.962939
1.00797
0.952214
1.02659
1.10444
1.25936
1.00789
0.956507
0.879137
0.944493
1.00011
1.01836
1.11772
0.93434
0.983344
0.842389
1.12134
0.916803
0.870441
1.0015
0.922726
0.883956
0.925189
1.14833
1.0983
1.00913
0.838312
0.970352
1.06039
0.975009
1.07777
0.868289
1.13377
1.20338
0.914274
0.957312
0.926069
0.920564
0.96322
0.878803
1.01054
0.953314
0.932489
0.906469
1.07953
1.07398
0.97973
1.01479
0.807878
1.06233
0.860158
0.90843
0.997864
0.96687
1.05496
1.10922
0.994734
1.017
1.00521
0.958862
1.08247
1.05085
1.08184
1.24411
0.838703
1.03515
0.976819
1.00102
0.978317
0.786058
0.975473
1.01369
1.05563
1.01956
0.887187
0.971902
0.998156
1.05318
0.842275
1.17831
1.0244
1.0308
0.841453
1.06234
0.952297
1.10367
0.962699
1.05793
0.97747
1.21979
1.01917
1.06395
0.896502
1.02526
0.815372
1.21295
1.02504
0.983838
0.8878
1.08615
0.996125
1.00447
0.881366
1.01781
1.12892
1.03388
0.924784
1.01017
1.0093
1.14927
1.16575
0.988918
1.04446
1.09741
1.12586
0.996516
0.816359
0.957186
1.02773
0.924576
0.96277
1.17445
1.02377
0.960347
1.0718
1.06729
1.01885
1.01986
1.00425
0.969279
0.985125
1.10978
1.02814
0.991084
0.930395
1.1682
0.952306
0.965003
1.08513
0.952108
0.991451
1.06727
0.998916
0.981873
1.069
1.02783
1.16352
0.966976
1.12983
0.954548
1.01341
0.996808
1.10724
1.03488
0.93856
1.11863
0.92237
0.8995
0.984524
0.970623
1.23377
1.0552
1.21621
0.976558
1.02034
0.941419
0.987853
1.07473
1.01901
0.977012
0.943923
1.03577
1.06444
0.943051
0.962727
1.06626
1.066
1.10605
1.07322
0.990788
1.20608
0.834398
1.15131
1.05847
1.12456
0.952656
0.990112
1.02875
1.18238
0.930936
1.00058
0.992702
1.00808
1.06726
1.26022
1.08819
1.08956
0.835697
1.12139
0.967516
1.08229
0.954099
1.24699
1.05786
1.03224
0.961537
1.16176
0.959363
0.867913
1.06118
0.966989
1.19726
1.1259
1.00492
1.0211
0.874371
0.961551
0.931596
1.0894
1.21373
1.19859
1.11947
0.849395
0.931878
1.10998
1.24046
1.10451
0.955471
0.971761
1.07924
0.880164
0.947776
1.11455
1.0146
0.936609
1.08741
1.13622
1.02457
1.12293
0.976931
0.91369
1.25731
0.968132
1.11063
1.01369
0.97842
0.884977
1.04401
1.09549
0.969511
0.901578
1.14139
1.12033
1.04794
1.17159
0.900474
0.896365
1.07776
0.915214
1.0342
0.9818
1.07446
0.909256
0.910551
1.10207
1.02594
1.06383
1.0831
1.11274
1.16919
1.01408
0.896896
1.01752
1.10254
1.12134
0.840776
1.15132
1.04248
0.953863
1.08031
0.933742
0.947269
1.03688
1.12157
0.967446
0.953964
1.01846
0.971419
1.04303
1.05505
0.946688
1.00731
0.90008
1.18055
0.997583
0.990437
1.14031
0.967131
0.959485
0.91797
0.937628
0.870361
0.946196
0.910933
0.97874
0.947722
0.842483
0.876381
0.947941
1.10714
1.10568
0.945205
1.09227
1.03658
0.993568
1.10751
1.00525
1.08154
0.969927
1.07507
1.0427
0.852166
0.971763
0.952233
0.935805
0.980627
1.00298
1.04272
0.976533
0.992222
1.05048
0.838339
0.915088
0.917324
1.01793
1.05477
1.01866
1.05621
1.06521
1.32694
1.04892
1.0787
0.790473
0.959292
1.02277
1.04867
0.884599
1.05128
1.21985
0.880043
1.09769
1.08763
1.00132
1.07652
1.02101
1.15141
0.968403
1.09397
0.993448
1.00397
1.1016
1.01752
1.18559
0.879345
0.970903
1.08464
0.99066
0.934926
1.13828
1.07408
1.02869
1.0289
1.05677
0.736503
1.10768
0.934564
1.09005
0.985934
0.928713
1.11365
0.931501
0.82724
1.05162
1.05245
1.08697
0.793663
0.908566
1.08457
1.09338
0.932627
0.899933
1.11793
0.922169
1.16479
1.02144
0.799482
1.01039
1.10393
1.02361
0.896581
1.03358
0.966918
0.927233
1.04336
0.925951
0.81864
0.991005
1.09555
0.880282
0.951561
0.991992
0.937915
0.973428
1.05184
0.8816
0.831169
1.09166
0.996938
1.02702
1.1592
1.0723
1.0369
1.02604
1.07825
1.05146
1.02277
0.878173
1.01368
1.01638
0.811875
1.05923
0.90464
1.06994
1.03652
0.948221
0.929158
1.2123
0.9547
1.18404
1.05479
0.96232
1.03212
1.03418
1.03563
0.954052
0.917597
1.1319
0.998919
0.874594
0.858212
1.12169
0.937888
0.969194
0.95254
0.935017
0.986605
1.03749
1.01043
0.870354
1.05447
0.957331
0.906106
1.04005
1.07124
0.883179
0.845943
0.957432
0.900491
0.997023
0.983871
0.961575
1.10317
0.971059
0.932861
0.927035
1.18532
0.980866
1.14657
0.856453
0.898837
0.937106
1.03841
1.13238
1.20339
0.933995
1.14223
1.09232
0.980572
1.06066
0.906427
1.06502
0.901096
0.893837
1.08863
0.988747
0.950458
1.02275
1.03988
1.05804
0.975598
1.11447
1.02795
0.905742
0.867817
0.860677
1.0674
1.16188
1.06901
1.04243
1.04145
1.11249
1.09021
1.05531
1.05423
1.00046
0.989524
1.08397
0.853185
0.97922
0.998749
1.06238
0.829069
0.92933
0.967997
1.00533
0.990952
1.04864
0.958851
1.05811
0.908954
1.01329
1.03565
1.20331
1.05036
0.946753
0.844576
0.878412
0.927563
0.995405
1.00488
1.03705
1.02751
0.898316
1.00378
0.870707
1.02258
1.25561
1.01129
0.875887
1.28118
0.953753
1.13429
1.0914
0.964541
1.12001
1.02666
0.900916
0.931958
1.00289
1.0354
1.09936
1.07809
1.10656
0.917741
0.970452
1.09056
0.980804
0.947236
1.0973
0.991696
1.1817
1.15581
1.01951
0.931676
1.09276
1.1522
0.809015
0.854974
0.828786
1.12088
0.99163
1.01507
0.879964
0.957133
0.934931
1.07865
0.980813
0.913938
1.06518
0.845347
0.999259
1.11275
1.06775
1.0901
0.983588
1.01173
1.06604
1.02333
1.01896
1.06176
0.99955
0.986061
0.950211
1.04013
0.93192
0.959053
1.02454
1.02051
0.987136
0.95299
0.970878
0.981594
0.95414
1.09171
1.07127
1.14009
0.967204
1.06596
1.01693
0.77802
1.20801
0.927773
1.11261
1.13167
0.921568
1.01916
1.02682
1.10891
1.05661
1.04213
0.892162
1.14082
0.994177
1.06991
1.27281
0.807959
0.913482
1.02665
0.82893
0.970226
1.34446
1.09888
0.980497
1.20578
0.992541
1.0759
0.928272
1.02415
1.11609
1.09843
1.04806
1.17697
1.04308
0.950782
0.873961
0.887594
0.898336
0.973434
1.0892
1.16582
0.907423
1.06539
0.97329
1.01832
1.1637
1.13392
0.879217
0.790848
0.959825
0.946379
0.962075
0.932903
1.1421
0.820309
1.07651
1.10649
1.12846
1.07439
0.999979
0.937113
1.23025
0.865719
1.08985
0.964318
0.945411
1.09914
0.988073
1.16573
0.958069
1.11787
1.04567
1.04912
1.10077
0.926236
0.950595
0.972586
1.0627
1.21077
0.778937
0.929991
1.03299
1.01891
1.0256
1.14198
0.928638
1.04898
0.902049
0.936582
1.05455
1.09506
0.967881
1.06487
1.00703
0.902279
0.74629
0.920291
1.27085
0.932784
1.05768
1.18814
0.925272
1.12329
0.997868
1.1048
1.07521
0.998742
0.986901
0.880957
0.820876
0.818332
0.883348
1.03643
0.942683
1.04201
0.963096
0.944816
1.05983
1.03757
0.991551
1.07389
0.974487
0.905268
1.03028
0.983408
1.01717
1.03764
0.961729
1.07392
1.09809
0.965664
0.990514
0.82994
1.10839
0.980411
0.875701
0.916824
1.0303
0.888587
0.922604
0.920412
0.862991
0.769948
1.18523
0.80992
1.0817
0.951572
1.11276
0.957157
0.953867
1.01747
1.05601
0.95126
1.01172
0.894921
1.03606
0.863258
1.16114
0.984666
1.22647
0.841327
0.979662
1.0031
1.04091
0.815103
1.01842
1.03356
0.822781
1.19443
0.998662
0.985129
0.778846
0.879815
1.04573
1.03954
0.944521
0.939443
1.02836
1.21281
1.00341
0.834946
1.0726
0.93061
0.969914
0.978541
1.12356
1.08766
1.05655
1.03746
1.14924
0.890088
1.2405
1.07331
1.10572
1.03508
1.10996
1.05583
1.18434
0.937139
1.14916
0.866105
0.955939
0.980417
1.04453
0.926632
1.24395
0.96717
1.00896
0.947514
1.04161
0.793844
1.01755
0.918826
1.02129
0.891472
0.936814
1.04258
0.896026
0.959111
0.845589
0.872224
0.946195
0.977578
0.972278
0.991856
1.02324
0.865059
0.95314
0.857156
1.13703
1.1357
1.04447
0.873156
1.01168
0.852083
1.00248
0.902211
0.779428
1.00665
1.0038
1.14044
0.989612
0.96636
0.9834
0.875099
0.881212
0.954592
0.934565
1.00268
0.99216
0.997976
0.910194
0.980922
0.988609
0.921944
1.02091
1.04831
1.04931
1.16944
1.11915
0.942629
1.11397
1.05853
1.16632
0.93914
0.909564
0.913152
1.13246
0.879755
0.959907
1.14958
0.959415
0.902784
1.02044
1.05205
0.934147
1.0352
0.898748
0.896794
1.12112
0.953451
1.07891
1.22282
0.965562
0.986741
1.0165
0.988036
1.13884
0.924049
1.10416
0.881721
0.950058
1.20592
0.821478
0.993041
1.01588
0.975512
0.996916
1.12657
0.849705
1.14154
1.09603
1.03738
0.996152
0.831688
1.00961
1.07869
0.914446
1.131
0.998484
0.923233
1.08603
0.968858
1.26942
0.964856
1.01461
0.949278
0.940195
0.852979
0.906876
1.02911
0.942647
1.06574
1.20264
1.08843
1.12885
1.13978
1.04111
0.925091
0.910874
0.931999
0.7743
1.18651
0.924347
0.954072
0.936288
1.08533
1.03589
1.11524
0.811138
0.851519
0.921162
0.990833
0.984119
0.815054
1.10003
0.806177
1.14235
0.872664
1.00863
0.836255
0.865388
0.96403
0.943068
0.991571
1.02992
1.0103
0.998576
1.04415
0.963546
1.00271
1.00633
0.952581
0.987512
1.1177
0.860849
0.940744
1.0882
0.880722
0.896973
1.03462
0.95197
0.977293
0.875972
1.09112
0.890344
1.06142
0.94534
0.978881
1.05065
0.943538
1.23359
0.974013
0.76945
1.16743
0.964835
0.875222
0.955031
0.884038
0.932418
1.09197
1.02301
1.12603
1.07289
0.926571
1.06023
1.09909
0.955719
1.04724
0.867903
1.14326
1.01732
1.03748
0.982683
1.15334
0.868727
0.933387
1.23942
1.04303
1.10694
1.17276
1.23915
1.0446
1.08765
0.961686
0.807626
1.0776
0.827458
0.943824
1.02408
0.981804
0.856597
1.10641
1.00727
1.03316
0.924111
1.14408
1.09848
0.959886
1.07876
0.856632
0.968306
0.997135
1.10231
0.998669
0.993735
0.767314
1.13201
1.0032
0.865008
0.995529
1.09394
1.07772
0.982493
0.933215
0.915777
0.933777
1.0358
0.82484
1.181
0.897374
0.997192
0.887294
0.972713
0.976466
0.908229
0.885741
1.02377
0.944002
1.04778
0.86213
0.917288
1.14197
0.965469
0.999024
0.866321
1.04964
1.09125
0.832927
0.906585
1.0983
0.861968
1.11561
1.0511
1.07451
0.989675
0.886772
1.26142
0.990001
0.956117
0.971329
1.12119
1.04345
1.09932
1.17612
0.722063
1.2201
1.18476
0.781601
0.956696
1.05479
1.05186
1.24663
0.96613
1.0481
1.09689
0.981083
1.13882
0.868456
0.950424
1.0077
1.03451
1.11802
0.866803
0.976098
0.835924
0.938345
1.05754
0.982037
0.893338
1.13134
0.801601
0.837215
0.808853
1.03441
1.03764
0.893221
0.992368
0.909152
1.136
0.944111
0.973636
0.912676
1.07613
1.23677
0.972427
1.13803
1.00996
1.07146
1.02525
1.02529
0.988592
1.03068
1.00719
1.00103
1.044
0.909842
1.00337
1.1115
1.16313
1.07782
1.11031
0.901511
0.882217
1.04682
0.92445
1.19746
1.14136
0.909123
1.03394
0.962343
1.02778
1.01715
0.946579
0.783038
0.907826
0.986083
1.15137
1.05147
1.03958
0.871742
1.05729
0.868576
1.07856
1.05804
1.13784
1.08967
1.12739
1.02355
1.05502
1.0368
0.9973
1.04847
1.01667
1.06713
1.0321
0.941594
0.975476
0.934821
1.23846
0.990105
1.05834
1.04659
0.997539
1.0328
1.07496
1.02206
1.0067
0.886003
1.13519
1.00576
1.03731
1.01507
1.03555
0.842045
1.04575
0.844992
0.998477
1.06722
0.969891
0.934992
1.12891
0.911253
0.918754
1.09475
1.15629
1.01023
0.872188
0.827411
1.18722
1.01923
0.911311
1.08095
0.96494
0.972675
1.17439
0.909611
0.859865
1.18402
1.03582
0.985097
1.11526
0.953271
0.963824
0.983643
0.873903
1.08929
0.889801
1.01382
0.969254
1.12961
1.08026
1.006
0.926779
1.03928
1.12867
1.10813
1.00169
0.930834
0.961161
1.11463
1.17962
0.945739
1.09351
1.05154
0.951028
1.02077
0.996235
0.92854
1.09953
1.14863
1.08419
0.949992
0.77026
0.998506
0.973352
1.15273
0.919442
0.998222
1.06243
0.983719
1.0994
0.995905
1.15495
1.04243
0.938153
0.920745
1.07707
0.985702
0.77497
0.828514
0.874786
0.923001
1.22958
1.09198
1.00047
1.14336
1.0564
0.965215
1.10212
0.930386
0.794923
0.986755
1.14363
0.919117
0.746365
0.912982
1.20666
0.973601
1.03923
0.919807
0.909233
0.942381
1.18591
0.923115
1.03429
1.04738
0.954497
0.980247
0.847943
1.06482
1.0161
0.896537
0.839399
1.15097
1.03502
0.934954
0.748878
1.07104
1.07211
0.973402
0.876677
1.06906
1.07311
1.13203
1.06888
1.10808
1.04589
0.880581
0.920012
1.2439
0.969042
1.14186
1.04581
0.93774
0.988883
0.993672
1.0435
0.955222
1.01456
0.858704
0.859002
0.914693
0.857833
0.958086
0.914577
1.08763
0.980942
0.961394
1.03516
0.879384
1.08969
1.08603
0.913038
0.956782
0.962569
0.955647
1.0619
1.01506
0.8988
0.883548
0.951457
0.989258
1.23452
0.905006
0.843055
0.939272
0.968146
1.08959
0.996189
0.964483
1.07038
1.2138
1.01881
1.01273
0.93731
0.987967
1.01991
1.04828
1.23266
1.23345
1.05314
0.995195
1.13419
1.01086
0.94794
1.07994
0.847755
1.12935
1.06933
1.045
0.995387
0.966117
0.88851
0.921634
1.14442
0.880942
0.920263
0.894913
0.882305
1.0605
1.01701
1.07702
0.943304
0.915398
0.830838
0.945106
1.0267
1.06713
1.02048
1.05832
1.04844
1.07192
0.864063
1.05281
1.00673
0.884265
1.10991
1.02193
0.929741
0.991204
0.965885
0.99957
1.14579
0.992673
1.13155
1.10459
0.932697
0.988216
1.15788
1.03531
1.03132
1.03565
1.02535
1.08172
1.1536
0.890976
1.04816
1.16482
0.957713
1.04369
1.07553
0.841079
0.918106
0.928791
0.940809
0.885914
1.02683
1.11884
0.913037
0.871737
0.879942
0.958043
0.953869
0.985716
1.0151
1.09523
0.99725
1.06204
1.0744
0.95488
1.17762
0.911687
0.955439
1.0927
0.924141
1.16247
0.97228
1.05794
1.05365
1.0159
0.930654
0.933027
1.16705
1.07356
0.759757
0.98458
0.985414
1.10129
0.982553
0.964673
0.991561
0.881662
0.902123
0.959914
0.914202
1.1222
1.02185
0.819843
1.00978
1.06832
1.18344
1.06541
1.01494
0.933253
0.922274
1.09721
1.09554
0.892683
0.962213
1.01223
1.18475
1.05187
1.06535
0.970081
1.05046
0.922137
1.04142
0.931645
1.10909
1.09607
1.1091
1.05123
0.950865
0.825306
1.08869
1.09756
0.804972
1.05012
1.15404
1.04781
0.823149
0.880291
0.796809
1.04828
1.02265
0.853002
0.964775
0.998306
0.964343
0.973966
0.894445
0.898613
0.931198
0.981935
1.07371
0.9999
1.07989
1.03257
0.966541
1.02042
0.826797
0.998702
1.00806
1.00633
0.960583
0.827473
1.17548
1.1224
0.993213
1.30775
1.18091
0.895541
0.949902
1.09471
0.842964
1.04175
0.91022
1.00381
1.20657
1.03347
1.01103
0.958931
0.90175
1.27293
1.01489
1.01865
0.895757
1.02068
1.18793
1.00737
0.982498
1.0927
1.10429
1.09829
1.04969
1.01821
0.909517
1.18643
1.0451
0.855141
1.13842
0.97862
0.980571
0.97131
0.927164
1.05302
1.17819
0.908174
0.981442
1.08187
1.05256
0.962266
0.748591
0.896628
0.932051
1.09877
0.835038
1.00145
1.05275
0.962026
0.930635
1.15937
1.11408
1.01643
1.15736
0.975346
0.914572
1.15833
0.936327
0.996504
1.05116
0.823631
1.17497
0.900687
1.10353
1.01341
0.896592
0.944056
1.12889
0.732684
1.1265
1.20815
0.92944
0.840806
1.07348
0.992714
1.00436
0.978042
0.926861
0.876937
1.19751
0.952561
0.994541
0.840524
0.918377
1.13589
0.916006
0.942491
1.00338
1.2186
1.07386
1.08004
1.00942
0.994971
1.068
1.00383
1.22211
1.05785
0.959635
0.95838
1.1138
1.09482
0.888829
1.11707
1.0721
1.01027
0.90365
1.06887
1.03421
0.996387
0.930426
0.811346
0.857786
0.929884
0.905667
1.00553
0.987387
1.11735
0.93051
0.762096
0.956327
0.937301
0.843914
1.17699
1.02891
0.747544
1.02279
1.16911
0.87126
0.956637
0.94182
1.09238
1.02935
0.985126
1.19163
1.02242
0.879324
0.968779
0.893954
1.01151
1.11089
0.974634
0.929031
0.930477
1.07302
1.03294
1.07537
0.88884
0.997567
0.92769
1.00134
1.03487
0.921977
1.14508
1.10051
1.0524
1.13027
1.07729
0.839255
1.08624
0.996836
1.14344
1.06959
1.01159
0.908461
0.985817
1.06193
0.979786
1.06051
1.08731
0.945676
1.05901
1.20693
0.934588
1.02159
0.914411
0.814939
0.843173
0.94982
1.08902
0.959566
0.944644
0.909817
0.87115
0.939927
0.931994
0.9336
0.929722
1.02715
0.873296
0.928957
1.18849
1.09324
1.01689
1.16239
1.06415
1.09952
0.942705
0.951249
1.06974
1.10655
0.923335
0.982703
1.03454
1.07082
0.952024
0.842364
1.11831
1.19215
1.04867
0.979593
0.959725
0.929797
1.06972
0.959784
0.875197
1.07005
0.900042
1.30983
1.01612
1.02223
1.19763
1.17093
1.04181
0.925867
0.90972
1.0018
0.947016
0.843943
0.964462
1.00489
0.870332
0.974232
1.0394
0.986976
1.06019
0.870508
0.971271
0.977815
1.08009
1.08524
1.00787
0.889496
0.983979
0.947186
1.14103
0.81389
0.84425
1.18834
0.959889
0.856988
0.962038
0.974326
1.05335
0.919744
0.821266
1.21798
0.961231
1.09406
1.02514
1.00294
1.07167
0.942519
1.03638
1.04428
1.17344
1.07513
0.916141
0.961574
0.905602
0.864907
1.08212
1.04905
0.963574
1.02215
1.003
0.898832
0.918547
1.20927
0.884858
1.13408
0.989899
1.08166
0.8831
0.972247
0.860493
0.966687
1.00867
0.999656
0.99682
0.88355
1.11241
0.900066
0.823776
1.04187
0.967847
1.01502
1.00418
0.8703
0.879046
1.06613
0.994149
0.900667
1.02592
0.935813
0.772761
1.04687
1.0148
1.13132
1.06393
1.11787
1.07808
0.886015
0.882347
0.941482
1.04394
0.948063
0.880595
1.01154
0.886393
1.09318
0.866438
0.960835
1.10564
0.968616
0.926831
0.872783
0.937883
1.08012
1.02822
0.990316
1.03456
0.95552
0.908288
1.04767
1.15539
1.00766
1.01581
1.00352
1.02528
1.08902
1.02848
0.918172
1.12738
1.14693
0.91381
1.01267
0.850588
