10
94
38
82
102
166
62
98
72
134
182
62
234
34
122
62
182
62
50
326
152
74
118
194
90
66
42
4
26
214
36
116
8
68
54
6
66
38
70
70
52
42
70
86
446
8
164
96
90
136
26
30
134
68
242
50
86
134
374
26
170
146
50
62
134
12
74
90
68
24
50
26
154
62
110
14
32
154
56
6
42
196
104
40
212
182
50
46
126
38
74
266
42
46
26
90
120
206
164
52
70
134
242
56
6
134
206
86
134
90
52
74
18
474
146
186
56
38
100
90
36
64
34
54
216
14
20
134
84
90
94
14
54
62
18
42
158
10
150
34
184
198
62
18
86
142
290
56
66
8
216
272
10
34
34
54
50
336
86
68
152
84
68
276
62
74
86
238
86
6
44
166
290
102
242
90
122
118
110
82
44
54
2
110
32
90
38
52
110
74
84
52
152
98
80
90
126
136
114
178
326
26
54
2
74
14
42
50
132
90
74
22
138
170
186
266
140
46
186
158
90
134
326
14
6
122
306
196
174
90
122
174
216
110
90
74
52
82
46
458
86
30
230
116
154
86
6
222
134
106
66
58
126
14
90
242
128
98
198
62
18
134
206
152
70
30
4
46
66
14
70
2
6
98
116
86
18
86
38
52
360
86
54
166
14
14
104
98
154
362
266
72
54
258
100
84
102
24
42
98
24
102
222
40
18
80
136
52
146
76
66
150
110
34
94
76
134
54
50
20
82
38
34
50
24
106
64
24
134
94
86
214
152
18
54
56
406
38
110
110
74
208
126
26
110
10
50
84
78
44
74
50
14
286
116
52
36
130
34
42
10
122
326
338
100
44
2
230
56
296
6
154
136
90
114
158
90
104
70
74
72
6
38
18
146
72
18
50
6
374
94
72
64
90
56
276
76
38
62
98
52
66
24
30
136
6
24
114
164
66
238
86
34
94
54
198
122
76
86
26
106
102
122
258
106
118
242
120
76
30
54
62
386
38
74
216
138
200
6
22
82
38
74
62
168
66
46
58
40
34
118
138
98
20
130
26
20
86
86
22
134
218
158
22
110
134
78
152
254
68
222
90
30
38
248
98
82
132
266
14
104
110
8
126
184
134
162
70
66
116
10
170
38
290
46
38
26
86
34
52
78
74
54
266
134
70
94
162
126
18
30
120
98
8
26
272
14
292
204
96
86
84
6
54
70
126
102
186
18
154
62
86
24
104
76
162
46
52
30
6
24
90
74
42
176
54
22
94
80
42
56
194
98
6
248
24
186
42
6
70
344
10
36
18
26
50
90
56
20
120
198
126
30
18
150
158
90
24
6
118
62
54
96
210
94
132
8
58
258
66
100
24
22
110
26
40
10
20
106
98
54
22
152
36
130
86
50
88
84
26
72
72
162
74
146
216
172
134
50
30
126
134
56
12
18
74
142
164
86
116
294
14
270
58
52
144
108
94
14
76
158
84
24
516
14
110
130
74
56
58
98
46
120
130
178
282
74
66
138
90
102
86
66
66
132
78
166
134
70
68
74
94
80
52
26
62
6
132
96
194
14
34
2
150
66
206
38
108
6
56
290
42
146
110
132
122
34
2
206
114
86
98
62
86
2
120
90
76
100
6
66
212
26
132
90
14
166
68
74
158
206
234
18
94
82
26
20
22
72
146
14
12
146
206
230
84
58
186
98
198
54
74
126
46
154
110
86
294
8
454
118
72
178
10
94
26
114
54
46
50
62
54
54
54
94
100
18
116
26
100
46
34
90
138
134
20
94
10
90
182
42
34
36
36
86
72
80
58
40
34
14
98
14
70
54
34
248
18
152
46
74
142
20
26
30
138
18
44
50
6
114
164
74
174
212
136
14
204
174
6
246
258
186
88
14
374
118
32
86
38
166
50
118
80
116
314
38
174
196
216
82
130
98
98
82
94
38
120
54
78
90
74
146
8
38
10
72
230
16
170
90
86
96
354
52
74
2
18
68
334
200
118
98
98
30
2
74
24
218
110
26
10
36
10
22
90
110
50
38
14
14
26
274
154
116
126
158
298
194
62
104
116
170
54
56
54
40
18
286
26
78
260
18
222
136
2
174
50
14
52
26
46
70
74
154
74
122
274
120
18
122
182
178
18
30
26
164
74
262
26
50
146
6
36
14
94
56
84
86
196
50
176
26
30
242
40
26
44
14
58
10
72
66
98
18
54
30
134
4
34
66
110
82
164
66
122
86
210
74
104
80
146
162
64
162
4
40
26
74
126
86
98
90
34
46
22
54
74
154
26
10
154
224
26
180
170
62
290
68
126
118
56
70
36
274
182
136
110
202
36
66
414
54
18
6
148
30
338
146
74
74
34
96
218
52
114
134
104
94
250
86
122
76
170
20
104
8
140
30
194
42
42
42
150
68
46
36
52
54
4
194
74
0
54
238
134
104
110
230
66
8
210
6
158
102
234
26
90
358
170
234
250
104
50
122
110
96
116
36
22
90
170
98
152
2
22
200
74
54
206
62
50
56
120
236
222
10
68
136
50
62
68
132
58
30
86
76
14
38
26
26
86
54
76
174
50
94
56
200
90
190
26
30
190
44
26
482
184
74
126
20
86
182
122
74
138
36
70
58
22
238
90
104
110
18
26
164
14
26
204
38
56
4
118
138
74
196
66
34
132
162
90
104
170
20
14
26
38
26
200
42
34
44
2
306
54
186
126
74
62
10
14
80
80
18
62
46
174
110
290
54
130
98
386
46
74
264
38
38
24
18
86
8
42
50
90
14
50
34
200
54
86
164
136
50
96
322
82
268
76
194
70
20
162
10
234
330
66
50
30
178
18
98
56
26
44
94
76
96
126
62
130
52
86
22
194
106
118
26
10
42
122
200
62
146
82
158
42
50
26
62
62
94
134
314
18
44
264
8
64
180
56
2
66
52
122
66
36
110
234
30
122
26
26
26
110
162
10
90
44
62
104
90
26
138
106
176
120
74
30
98
144
294
110
182
34
26
148
14
68
84
74
72
26
72
26
166
264
170
182
94
98
114
66
18
12
52
182
6
186
26
42
230
146
174
38
116
230
330
42
114
110
24
168
272
242
108
138
50
70
120
84
152
206
34
10
74
96
96
18
122
100
20
34
14
38
26
54
266
42
62
196
66
222
174
26
136
152
106
42
314
38
34
46
486
194
212
132
360
116
42
134
56
108
102
102
202
110
218
326
250
152
120
14
58
50
222
98
182
2
86
116
110
52
10
66
34
62
74
18
196
10
244
164
6
118
146
200
50
62
70
230
118
10
46
224
62
222
150
40
154
78
42
84
2
166
162
102
122
6
86
94
276
62
86
10
56
26
86
172
86
76
162
46
84
16
126
38
116
86
2
104
150
308
70
222
58
90
106
210
44
98
90
86
122
50
54
42
8
110
206
134
12
26
44
74
146
696
90
22
206
16
16
56
8
36
30
52
212
152
38
150
110
54
36
34
230
180
162
170
2
132
30
278
110
108
52
90
158
178
26
210
106
100
26
82
158
246
40
78
546
162
52
56
174
144
194
106
144
290
86
26
76
36
62
16
98
130
18
66
20
134
356
118
34
74
26
96
80
54
34
110
76
12
462
100
108
242
376
290
216
98
30
66
170
110
20
54
164
30
10
122
142
106
34
164
242
58
146
378
20
40
116
50
26
78
122
100
68
114
78
58
46
206
4
6
184
170
44
122
44
120
38
20
36
110
68
152
162
50
98
110
16
74
242
36
10
126
142
14
180
56
132
374
66
38
30
114
110
76
2
40
50
176
42
6
180
26
66
160
70
306
88
116
62
238
84
26
4
54
216
136
34
118
142
90
10
72
62
62
38
200
280
48
14
18
46
54
38
74
14
22
282
26
8
286
146
30
42
56
58
174
294
62
2
126
122
126
94
126
264
22
82
2
238
38
132
118
90
134
56
218
50
46
70
88
22
154
62
116
62
74
118
8
238
90
194
46
38
118
50
54
14
164
78
46
94
18
132
308
250
42
66
34
146
56
142
54
138
308
182
80
38
146
158
218
86
50
42
164
50
68
30
86
86
126
36
90
14
106
26
24
230
170
174
130
214
108
56
154
14
50
90
170
80
506
106
162
22
178
142
142
140
126
342
64
30
46
42
242
38
206
80
2
80
30
134
104
98
36
612
62
244
78
146
180
14
98
242
90
38
120
36
62
6
54
20
26
58
122
38
150
26
26
78
122
94
114
50
14
130
38
16
40
206
24
56
126
38
136
104
134
146
98
102
206
94
54
146
94
30
42
54
62
50
68
50
62
38
54
110
140
230
86
90
98
46
136
184
44
90
2
22
50
260
38
50
170
26
200
36
122
84
110
6
30
182
74
26
158
54
68
122
70
58
66
392
50
178
146
104
322
138
186
282
68
14
118
10
74
90
134
38
104
70
146
54
54
158
140
8
356
84
14
194
14
18
54
38
136
38
74
98
46
88
216
74
104
86
76
6
62
18
114
34
10
74
118
98
120
86
62
54
106
16
372
212
150
74
14
182
142
138
110
154
26
74
14
118
162
134
50
18
62
34
116
116
88
26
146
50
6
90
82
14
162
152
72
46
162
184
14
126
90
6
164
206
38
104
94
82
14
10
84
94
122
72
36
66
14
20
54
68
50
62
16
186
102
40
98
42
72
104
24
302
254
100
70
126
74
30
270
184
30
86
110
66
66
74
246
184
138
46
50
122
138
154
78
186
66
38
10
22
126
22
110
66
206
230
154
118
94
218
250
138
194
22
104
322
30
74
30
104
134
78
104
116
104
174
114
78
14
40
126
66
222
218
54
160
138
22
32
6
378
42
36
110
50
164
62
186
194
242
26
62
198
152
26
0
26
154
134
86
144
18
442
34
26
68
54
94
6
96
114
122
110
166
18
134
68
74
90
194
338
74
90
106
206
8
86
42
418
144
184
126
22
254
204
104
6
36
354
68
50
14
206
170
6
154
54
178
238
38
126
50
126
38
54
88
38
194
66
120
50
46
104
54
54
158
168
142
182
30
38
24
26
30
14
132
72
22
44
44
4
166
54
42
180
34
2
6
50
14
96
54
78
104
102
132
66
138
18
234
104
106
134
118
36
194
270
226
174
116
18
38
62
38
116
178
184
216
50
106
34
162
114
10
150
26
64
296
158
34
154
116
98
174
58
56
18
168
42
94
24
6
14
54
136
30
22
154
78
20
74
86
38
30
170
174
74
186
8
98
166
114
62
66
168
68
102
56
84
300
30
48
56
64
16
46
18
206
106
70
122
68
18
66
198
44
138
26
14
182
30
198
44
182
326
90
100
16
174
98
78
160
104
26
72
126
206
66
242
14
66
2
88
278
134
30
158
90
64
10
66
290
366
56
126
34
314
82
254
70
104
66
86
68
38
72
52
106
38
56
110
162
106
30
236
46
14
238
30
46
30
222
26
146
82
18
154
134
154
70
30
40
90
86
22
50
126
366
26
86
42
182
14
66
106
36
62
50
50
46
22
90
72
218
74
84
54
230
74
24
106
70
26
26
2
74
30
86
104
42
228
296
96
32
164
44
6
38
26
26
170
210
96
6
30
232
182
66
64
56
54
84
62
114
40
82
414
78
110
120
26
84
10
56
130
90
44
48
46
110
182
362
78
270
30
142
204
26
146
74
62
142
50
180
94
116
558
118
24
54
14
154
138
56
90
14
18
38
62
38
44
134
150
42
26
24
90
66
94
64
18
108
120
98
66
38
22
98
110
126
6
2
36
244
162
222
2
98
110
22
122
94
154
136
62
170
122
256
138
110
150
34
138
78
78
94
30
200
26
236
54
46
46
134
116
90
52
258
110
162
178
162
90
50
38
90
200
154
54
32
22
16
180
74
38
80
166
234
206
90
38
30
66
74
30
344
54
42
102
26
164
96
90
196
66
100
94
110
146
126
142
54
84
62
34
390
356
54
56
56
182
34
32
106
234
234
84
22
86
122
54
72
30
94
78
14
90
134
254
154
142
40
58
68
266
238
176
12
134
194
186
214
22
54
104
88
62
86
130
18
38
30
514
246
46
162
42
8
22
42
14
138
14
46
198
110
174
50
110
90
14
170
68
90
22
104
126
62
102
26
290
54
20
88
26
194
26
86
74
72
234
54
14
14
98
134
22
126
90
62
10
102
98
150
6
12
114
90
136
152
150
42
166
38
230
26
52
38
46
14
68
118
134
84
68
234
146
12
108
78
20
62
94
20
66
58
84
36
66
38
12
18
2
22
132
38
74
126
54
54
278
94
90
160
58
16
144
70
38
74
14
126
292
204
18
86
86
12
56
102
46
62
74
42
78
164
134
114
106
38
74
40
2
74
82
184
2
94
44
56
126
104
90
160
140
66
46
106
134
22
140
178
74
122
56
50
76
98
72
34
114
38
134
86
108
18
118
38
126
90
206
6
54
74
38
86
90
206
144
98
18
152
154
118
68
106
14
154
36
14
170
38
202
98
196
50
114
94
102
246
62
196
46
90
38
62
32
56
154
6
66
70
78
162
30
178
80
212
70
68
36
24
36
42
38
6
206
82
174
70
166
114
14
20
24
230
58
118
288
38
62
54
34
62
246
146
296
66
256
74
280
198
50
50
6
86
104
208
354
46
70
82
50
54
94
54
16
66
62
38
62
126
36
68
166
52
200
30
2
178
8
270
86
634
74
102
62
152
54
26
96
22
94
50
104
52
26
202
86
74
194
88
34
46
42
16
202
54
138
24
94
78
402
52
120
78
36
50
54
246
76
230
46
38
108
10
34
630
22
46
206
126
170
192
44
62
54
90
18
98
182
38
218
30
38
90
56
152
134
10
168
18
166
18
166
114
182
26
134
66
162
246
250
258
78
202
182
116
130
110
38
90
32
30
314
170
106
56
6
170
68
50
86
210
134
174
234
120
4
94
242
86
56
16
38
94
170
216
30
146
274
278
204
184
250
38
166
66
36
230
174
72
194
134
186
164
118
20
138
74
366
110
38
108
116
148
250
102
326
50
66
134
212
62
50
30
90
14
150
26
110
86
30
56
98
10
74
14
194
20
152
62
78
332
14
8
38
94
32
34
42
74
90
66
14
26
404
30
38
62
110
84
66
150
150
38
182
158
86
98
114
90
66
86
38
250
162
152
38
40
42
178
160
74
148
38
96
24
228
106
104
106
42
114
154
26
116
86
38
18
86
6
54
354
62
52
116
70
24
6
134
54
26
50
258
130
102
54
46
86
118
86
278
218
198
26
50
14
80
90
364
2
32
110
54
138
90
270
102
160
90
144
74
22
276
10
86
2
154
178
146
168
180
214
16
30
186
74
70
94
14
64
216
126
26
140
18
74
54
166
56
94
170
54
168
74
126
90
6
126
34
366
20
114
36
198
318
182
38
54
52
54
282
144
46
80
0
10
146
110
40
74
30
130
194
164
108
26
302
62
74
82
42
50
218
26
38
266
36
178
20
254
106
56
26
196
62
70
50
110
10
160
216
166
50
68
42
38
216
146
266
30
102
276
18
12
164
32
96
136
198
6
356
56
166
56
126
96
34
218
58
94
40
178
42
6
98
34
126
58
26
54
138
46
68
134
82
36
74
74
36
86
90
54
44
146
42
222
198
132
114
122
170
104
62
72
164
46
54
50
8
14
122
194
30
72
134
158
180
98
38
82
120
170
94
46
8
54
152
158
426
66
210
66
358
74
6
6
194
114
38
14
66
4
122
264
96
14
2
114
74
70
78
10
120
86
94
54
90
14
26
26
356
50
50
186
94
216
26
18
26
20
134
54
6
20
66
130
154
146
30
70
146
80
186
42
40
84
26
132
46
510
138
120
126
104
90
30
134
116
26
66
36
292
178
14
62
122
280
194
122
230
450
342
230
160
222
42
88
10
56
30
62
52
226
42
150
110
86
62
30
94
84
104
30
20
308
18
54
306
66
146
262
98
56
158
152
164
22
146
186
122
2
254
50
70
20
36
44
34
74
174
206
244
98
38
20
52
114
102
234
66
106
230
234
88
30
88
78
104
46
194
80
8
116
140
20
110
158
86
384
80
42
346
194
38
24
374
54
110
180
154
66
34
166
26
38
88
32
90
118
170
22
54
26
6
106
104
56
6
258
276
36
114
106
86
2
126
68
36
102
386
66
2
26
26
206
34
150
330
260
100
48
182
126
186
72
78
38
88
130
30
44
146
338
258
62
78
98
54
68
62
2
74
18
292
118
126
116
146
90
76
74
38
218
372
38
114
110
26
26
74
50
386
94
14
70
62
40
102
6
166
114
458
22
126
126
38
30
148
54
14
96
56
194
50
62
114
62
90
98
196
14
68
314
126
20
238
110
122
170
36
30
184
44
30
18
70
116
18
138
154
178
10
64
78
138
160
54
182
218
44
94
74
42
186
10
110
20
54
180
66
26
66
74
296
88
152
22
24
14
8
70
26
22
88
32
310
12
56
38
14
110
46
178
114
18
66
270
66
38
40
134
10
54
38
30
98
84
306
162
38
296
96
146
80
90
102
6
206
66
122
98
242
122
44
154
54
116
40
68
234
66
22
194
50
152
74
90
74
102
58
110
26
246
8
18
50
84
18
242
58
324
118
38
26
20
114
2
122
18
70
50
140
288
126
96
26
114
202
182
56
42
58
6
18
62
40
42
110
54
20
302
62
208
58
170
86
56
72
142
26
182
166
12
122
20
86
44
76
198
306
96
138
62
266
8
146
36
94
86
68
44
174
114
68
122
246
46
26
50
110
146
170
8
166
6
18
114
22
126
86
152
38
46
54
130
40
10
62
122
40
206
204
74
40
50
30
74
98
52
226
30
54
6
182
150
122
68
270
102
122
192
52
86
54
126
38
136
312
164
34
74
62
90
84
248
134
94
22
38
130
58
86
12
72
54
46
146
10
110
136
90
56
4
62
98
108
26
66
120
136
166
244
146
114
294
38
56
22
18
46
36
38
114
74
52
136
126
24
210
54
62
86
6
108
34
122
154
140
38
50
114
22
118
134
52
20
66
212
44
150
50
176
110
2
200
102
122
166
126
30
38
108
106
246
110
14
140
244
194
282
176
66
50
38
76
40
52
54
8
10
94
66
106
126
50
194
26
132
180
14
38
152
126
38
68
22
96
14
24
106
230
38
22
130
90
108
100
14
56
68
74
38
200
46
276
164
182
282
26
146
54
46
46
230
116
58
30
72
110
54
126
146
70
34
126
80
104
38
84
418
78
10
78
190
90
66
82
182
66
30
14
8
26
18
122
98
38
14
74
114
66
78
26
194
98
162
50
566
148
54
38
42
34
128
46
88
90
78
62
54
364
26
100
110
50
98
194
194
86
72
90
56
26
146
194
6
30
38
34
166
102
54
70
186
118
178
36
12
200
42
50
36
322
38
26
90
80
312
102
218
34
48
142
14
94
150
30
22
40
74
200
74
86
6
52
130
90
122
84
46
170
134
58
132
266
46
218
100
26
218
26
162
264
20
26
194
370
194
48
118
262
142
72
178
38
98
180
194
106
146
74
152
58
162
54
22
22
54
80
266
4
38
42
76
24
126
54
34
34
116
98
66
106
80
104
68
208
56
78
46
56
82
194
86
340
42
58
194
74
94
42
110
74
30
182
244
288
54
56
40
154
94
40
432
70
54
326
54
150
144
18
26
122
222
100
294
218
46
22
10
66
194
10
98
234
168
104
16
228
166
90
96
42
98
42
8
158
24
90
42
48
34
18
78
114
36
42
138
86
26
194
30
214
134
154
110
194
26
194
50
8
130
8
74
102
94
36
194
36
94
98
114
182
66
238
98
126
98
98
138
132
30
18
54
46
308
40
118
56
140
50
62
114
50
34
26
38
26
6
6
80
54
222
264
50
46
18
230
20
202
90
56
18
30
34
178
42
48
78
6
134
32
50
26
160
216
86
154
26
158
20
290
110
170
184
24
134
178
302
82
86
86
186
52
10
38
30
246
154
50
54
202
14
78
72
68
22
80
190
16
70
114
62
74
2
18
90
98
18
40
44
114
62
314
74
18
74
94
54
44
116
136
94
80
50
74
90
50
56
234
74
126
68
16
104
98
146
122
194
54
90
30
20
82
84
30
54
98
134
74
80
186
182
50
14
214
86
178
62
50
144
22
136
104
54
24
8
54
90
190
72
90
34
222
36
222
74
90
374
24
36
54
306
8
110
22
146
150
116
222
146
296
22
14
162
74
104
122
162
134
38
10
74
222
26
120
58
36
38
174
6
154
98
18
342
74
6
84
134
170
62
120
62
40
6
20
104
38
90
74
50
56
166
52
126
26
146
90
18
122
154
20
62
66
146
74
66
90
34
38
122
100
36
106
14
86
138
248
242
10
186
130
164
170
62
170
26
144
122
30
186
54
78
198
14
126
68
86
78
126
94
114
70
118
22
38
40
250
76
226
154
78
200
168
78
102
174
8
66
86
78
200
18
32
22
110
74
68
102
182
66
230
78
152
52
38
88
258
34
42
146
98
174
46
272
42
58
230
42
50
66
6
36
104
142
52
54
24
232
138
396
114
116
30
78
108
194
146
98
146
46
56
74
8
38
56
8
102
6
14
134
150
68
98
98
32
24
66
170
38
14
22
2
114
350
82
38
50
186
62
224
98
144
50
44
86
130
106
166
180
50
32
38
14
18
66
134
76
50
36
70
52
446
26
248
10
38
82
110
338
84
146
274
74
8
162
20
186
38
366
14
110
454
70
114
22
80
330
82
46
10
18
30
46
0
84
46
26
4
30
174
18
74
56
120
36
86
166
118
74
10
90
20
42
154
230
20
80
174
62
70
190
62
266
174
138
34
14
180
110
14
74
166
54
134
10
98
50
136
24
26
50
84
226
354
42
42
126
146
88
82
204
14
110
54
50
98
126
118
18
120
78
74
30
96
84
34
34
44
276
30
186
206
62
26
24
166
414
266
98
138
314
166
200
174
62
108
130
150
54
26
182
74
56
154
82
74
40
84
14
334
130
46
110
14
94
186
152
78
200
182
166
44
46
166
42
8
66
46
134
70
182
82
162
310
110
534
204
104
146
226
74
186
62
484
24
38
170
120
132
110
132
186
230
120
292
34
66
38
46
18
12
154
38
110
8
222
168
6
178
94
42
70
126
90
62
146
222
22
48
108
88
78
80
74
78
42
90
4
222
74
66
194
26
138
134
98
70
76
36
36
74
234
40
410
230
86
44
26
84
150
94
138
62
56
44
14
34
56
78
50
74
18
134
20
138
98
150
106
178
70
6
72
80
50
318
306
170
62
72
194
84
66
114
50
110
106
74
30
94
274
164
84
186
118
140
110
34
34
90
54
162
8
34
212
80
24
292
120
66
114
126
90
174
78
50
86
110
202
76
94
42
10
54
22
22
470
614
66
166
94
146
30
174
72
72
82
138
54
78
72
6
90
10
56
194
12
74
62
30
20
326
86
48
364
106
86
74
72
22
24
494
34
62
158
248
104
134
80
122
26
102
26
54
160
68
62
68
62
86
62
166
86
182
38
98
318
114
98
270
6
34
26
56
26
106
26
46
18
34
138
42
26
42
14
282
230
154
46
66
84
12
190
202
338
14
158
48
20
226
140
50
86
16
86
68
342
58
10
146
118
10
178
96
26
126
238
24
50
216
140
234
82
38
186
94
18
116
106
44
12
6
62
152
6
86
70
68
14
62
26
110
52
98
312
26
200
94
190
70
26
40
36
238
174
146
446
150
44
94
10
102
56
66
98
146
50
86
218
214
24
22
94
6
42
34
110
26
34
82
108
56
90
230
86
52
174
326
48
212
22
130
98
78
2
150
194
78
52
146
62
20
146
56
110
20
186
130
30
74
254
120
70
480
306
34
86
58
54
182
90
174
46
66
230
40
50
158
90
42
170
238
44
218
246
6
110
50
174
34
180
66
114
86
110
86
62
280
40
182
146
14
110
110
68
74
86
14
134
204
130
200
116
102
4
26
80
26
18
146
134
198
150
34
120
36
42
128
146
58
82
122
16
42
26
6
102
58
216
26
22
174
42
110
50
26
62
6
74
186
122
116
98
126
16
22
270
158
170
32
270
34
222
154
208
146
14
42
14
68
14
22
18
186
50
74
290
86
14
52
46
90
12
108
38
86
62
6
46
8
202
206
184
94
134
54
6
154
168
36
90
250
122
94
50
76
174
2
94
164
74
74
290
210
292
30
42
74
50
62
72
56
282
150
232
150
10
270
94
198
212
104
94
106
122
80
278
132
566
6
122
38
98
152
90
24
76
100
38
54
326
38
6
22
14
84
68
114
106
150
162
50
26
34
14
194
154
114
90
54
30
98
378
162
74
90
160
166
152
50
36
44
62
56
226
126
122
66
146
178
86
152
346
74
50
108
224
74
90
62
54
110
174
42
90
26
20
100
38
250
2
54
170
26
78
8
74
146
46
26
90
142
194
150
44
26
10
290
10
26
132
26
40
202
72
130
52
230
178
20
218
120
90
82
170
34
62
134
22
206
76
170
350
106
34
94
314
26
6
146
146
54
86
194
62
110
34
104
26
74
126
230
14
82
62
62
206
82
94
130
34
68
98
104
8
22
50
38
150
90
78
74
16
110
74
34
158
150
374
70
70
122
116
160
86
26
38
74
50
136
136
22
14
234
164
126
26
170
64
74
354
22
42
50
122
24
26
164
12
80
26
46
138
80
182
102
76
484
70
18
66
56
44
108
96
134
126
46
230
292
42
20
2
94
88
138
402
98
98
200
18
62
30
52
62
50
126
70
242
46
70
148
2
30
146
86
90
18
14
38
102
40
134
26
150
10
306
214
14
62
258
30
100
56
118
20
38
56
42
62
98
260
52
26
96
30
38
74
114
38
54
248
174
24
150
34
216
66
20
150
90
52
68
50
14
14
2
66
46
26
18
18
110
204
126
72
114
6
74
126
110
54
6
110
18
30
84
136
248
26
26
54
54
190
174
4
38
72
90
34
62
110
74
146
266
46
96
110
42
54
98
72
114
80
34
158
226
96
162
166
86
114
6
172
62
94
226
202
26
26
70
66
72
122
114
34
38
434
102
338
2
38
68
194
186
150
52
146
90
62
34
50
50
26
86
62
86
106
110
6
174
126
130
154
80
104
38
194
40
178
96
236
30
44
106
134
22
10
134
30
184
42
286
242
94
202
118
42
118
154
90
184
66
68
206
134
52
114
98
58
296
88
194
26
174
126
186
294
202
74
54
40
62
234
30
110
38
34
4
72
62
290
146
6
26
54
62
38
66
144
74
18
318
54
116
30
130
146
70
50
160
74
58
286
234
158
34
134
120
56
50
118
80
30
50
114
98
122
110
42
126
90
146
46
12
82
74
26
94
20
290
22
26
138
20
54
132
76
22
74
178
254
68
306
230
26
150
22
70
482
38
110
122
260
46
62
194
46
72
66
114
30
34
58
48
148
90
76
14
20
122
56
122
54
48
104
134
26
146
86
26
56
94
542
68
14
32
110
186
236
98
48
66
54
26
54
106
170
54
126
14
294
54
54
110
182
46
26
324
168
82
2
108
102
118
122
50
154
218
146
86
114
516
222
54
154
186
86
94
54
90
102
26
50
94
30
234
126
234
132
146
78
30
10
8
20
238
68
86
34
106
38
24
158
114
20
86
278
52
54
42
34
166
82
132
58
14
10
24
54
126
66
132
78
158
142
146
146
70
148
36
212
30
26
100
244
24
110
162
30
86
86
38
18
90
14
18
154
74
168
164
86
88
24
110
76
58
44
170
66
342
42
570
30
152
302
90
136
34
56
56
126
134
196
42
38
58
58
26
208
18
10
90
90
74
146
10
90
130
66
34
646
162
84
38
82
138
38
76
90
158
134
104
326
94
36
38
224
38
86
286
22
162
182
20
158
34
32
8
66
254
50
54
74
82
14
54
54
278
194
90
14
86
36
76
110
26
184
86
590
122
74
30
30
16
238
146
78
30
172
50
406
50
94
14
2
278
74
46
222
40
54
214
306
18
494
126
186
26
50
38
46
18
134
206
170
134
44
82
24
82
18
278
126
94
146
76
26
200
32
138
98
142
74
134
34
44
178
38
10
106
82
54
110
146
46
132
26
18
30
136
152
96
38
14
10
70
56
110
132
150
78
38
40
194
26
146
90
174
14
198
56
14
150
194
12
70
82
18
22
62
58
86
58
42
230
32
98
78
118
86
34
34
38
86
146
194
138
18
22
18
68
38
178
234
210
94
106
74
244
8
58
6
34
30
68
116
94
138
238
206
50
102
26
120
34
88
38
42
166
82
134
62
74
164
54
38
178
20
44
62
90
162
62
76
138
8
62
6
216
98
326
74
40
52
102
14
152
44
142
62
104
56
24
266
70
26
52
50
180
14
222
254
98
14
110
68
98
118
302
120
138
66
36
62
50
58
118
54
70
174
46
102
30
6
126
38
200
8
174
194
66
158
34
10
46
14
98
122
26
30
234
54
56
72
142
66
24
102
90
122
80
62
196
74
56
20
62
78
170
84
86
134
66
24
174
24
40
132
40
194
42
218
50
14
86
86
154
38
40
34
80
174
86
14
270
62
94
82
108
66
14
14
54
26
34
24
58
34
10
54
66
68
96
18
16
266
160
10
110
18
110
186
186
52
26
32
164
72
228
58
6
102
50
78
258
74
76
84
66
26
122
406
56
82
162
74
34
26
38
14
120
46
224
6
254
138
42
90
18
54
170
362
54
242
178
186
50
8
126
76
106
80
66
94
116
44
122
62
272
290
182
36
148
110
22
190
170
6
344
134
206
160
38
104
68
54
162
20
142
74
38
62
14
26
32
38
108
194
110
150
74
86
62
10
62
126
58
34
134
54
80
62
174
98
216
110
108
6
126
130
434
38
38
278
90
158
42
176
18
90
132
36
366
182
90
52
106
118
94
184
122
138
90
56
254
26
46
76
74
62
164
94
190
36
270
146
120
38
54
74
68
226
128
38
10
210
52
56
90
94
46
62
20
34
48
78
2
26
194
20
18
62
26
18
20
26
98
50
0
102
62
198
76
108
150
12
90
36
38
56
26
78
36
88
56
230
214
162
44
30
68
110
182
218
72
126
38
340
128
100
30
68
26
66
198
54
166
18
174
122
66
170
54
90
30
94
230
26
84
42
196
54
54
18
62
104
26
20
18
50
50
20
122
54
142
74
62
182
56
74
178
110
30
126
38
26
6
76
70
164
90
126
46
50
16
38
82
110
108
118
42
106
68
114
186
238
38
110
146
62
110
38
62
120
6
194
72
122
116
342
18
10
18
350
36
206
126
68
98
100
182
126
8
126
222
110
242
110
34
154
2
74
114
254
14
4
182
14
38
14
282
142
38
110
80
46
170
10
14
194
68
104
2
122
30
110
40
34
54
74
102
168
122
62
18
144
150
42
50
232
18
84
254
298
294
30
72
90
118
154
180
328
16
38
146
98
50
74
150
54
206
150
80
246
36
110
26
68
184
74
74
216
82
150
58
70
202
12
14
314
122
68
66
254
206
86
26
68
132
54
26
146
86
82
90
138
30
24
170
334
78
84
150
126
162
134
114
54
20
86
50
158
96
430
40
94
30
398
114
14
20
84
38
88
86
44
276
178
126
50
66
68
2
30
66
74
42
82
44
30
56
128
4
234
62
186
134
78
258
54
160
44
118
216
80
70
136
26
248
10
34
166
468
86
68
106
14
58
38
38
54
14
186
40
38
66
38
40
126
162
258
86
98
86
88
72
126
226
226
148
62
46
54
2
58
70
116
54
246
94
26
20
182
164
10
102
126
98
126
184
102
242
74
194
100
86
80
134
18
50
54
56
178
198
86
22
246
162
88
30
50
78
14
320
144
36
38
194
234
126
282
314
20
54
114
116
290
30
8
58
218
76
46
66
62
2
74
98
56
36
62
434
88
86
24
106
230
14
238
54
260
54
72
40
62
62
54
198
14
26
70
274
40
56
82
14
134
74
62
146
116
50
14
38
86
106
50
40
86
110
30
136
48
0
66
66
62
98
26
150
426
86
74
26
114
426
262
10
40
182
14
46
150
120
50
98
56
90
56
76
78
498
20
270
122
52
54
86
146
86
104
70
182
290
54
50
62
32
104
62
62
110
46
50
80
114
158
202
50
94
54
138
70
50
288
74
30
74
102
70
14
26
70
26
90
102
198
184
18
198
126
58
8
84
146
2
222
38
150
306
30
116
38
120
146
74
14
136
90
50
30
122
158
42
182
12
80
6
6
20
78
54
14
90
30
10
110
150
26
114
54
402
146
90
72
56
344
22
82
78
134
178
54
186
264
74
50
46
6
66
84
106
56
154
42
134
90
148
42
76
26
186
206
4
42
246
6
158
26
116
164
110
200
30
104
10
106
52
94
24
170
68
122
38
204
194
90
290
122
50
176
106
126
134
134
70
104
166
142
6
38
102
138
150
54
224
114
74
110
18
26
22
50
66
26
4
36
38
330
66
130
146
34
62
54
10
98
36
174
208
170
254
102
104
182
6
306
134
120
138
234
40
190
166
66
234
26
110
66
54
146
20
110
48
126
146
174
56
2
64
26
52
194
18
34
206
42
32
134
114
116
134
154
114
22
370
166
16
74
34
48
52
86
140
108
74
182
122
74
42
190
62
2
170
160
66
134
146
104
18
54
50
44
26
8
30
82
50
100
4
108
90
116
14
38
10
62
82
138
102
66
98
54
158
54
46
212
6
34
54
126
322
18
106
170
26
10
4
18
14
170
174
42
62
302
38
110
8
56
26
198
68
180
90
2
24
26
40
146
166
210
54
274
36
62
34
154
326
140
18
158
34
24
306
90
162
86
62
98
38
54
10
66
54
66
318
52
170
4
236
246
102
36
6
74
152
122
50
246
26
66
186
190
8
30
94
118
50
134
186
114
110
132
186
56
146
52
20
62
90
134
56
114
74
26
174
42
86
86
114
74
42
90
62
182
26
160
46
134
180
26
148
58
22
118
50
20
34
110
398
54
146
6
14
88
146
74
20
86
26
34
76
98
38
78
62
230
286
18
42
50
68
24
158
122
66
116
178
106
126
126
32
152
406
14
212
126
110
130
62
442
36
106
52
134
206
2
110
170
30
62
160
8
54
94
88
174
66
146
34
318
62
342
26
66
50
90
34
122
134
62
46
258
200
104
306
250
38
34
116
230
104
116
300
34
42
72
222
12
26
146
38
246
36
74
66
66
20
12
20
36
54
62
290
100
36
22
46
146
14
34
8
134
14
26
26
354
166
46
26
78
74
278
36
22
344
152
122
296
66
10
110
38
194
66
146
64
126
114
144
78
14
234
32
18
30
30
54
266
166
110
2
62
38
114
78
126
26
74
14
102
24
20
162
210
30
114
40
198
146
150
46
248
118
54
238
122
74
236
94
74
146
102
10
26
82
34
132
62
34
94
78
62
94
116
62
126
146
36
54
8
134
94
46
90
38
74
106
184
66
26
120
88
34
46
30
194
308
36
106
46
152
36
88
116
50
34
62
94
30
14
110
70
62
50
266
290
74
6
122
16
24
134
102
74
166
74
34
26
50
194
18
22
56
58
36
74
198
94
46
34
122
22
122
170
314
136
84
58
62
346
154
66
194
100
194
170
222
74
68
62
86
144
74
26
74
254
74
78
72
30
26
38
50
74
18
54
20
2
50
150
30
132
56
54
234
86
66
162
54
14
136
62
14
74
86
62
198
84
78
62
254
50
90
26
74
208
114
26
122
98
108
386
52
30
38
134
198
50
102
190
82
42
138
26
66
132
136
174
126
66
346
46
54
50
70
38
42
146
82
168
38
30
116
222
26
76
134
70
6
68
54
36
186
54
286
38
56
14
70
26
136
6
42
110
10
6
182
96
146
96
108
98
130
38
68
174
306
102
36
46
34
20
10
34
30
40
226
30
62
236
54
78
216
78
26
194
74
24
196
2
14
50
78
136
24
26
22
110
74
98
78
74
12
70
154
34
228
44
78
54
50
84
78
238
80
14
24
246
30
248
90
66
14
162
32
40
186
14
190
170
62
186
58
210
128
94
104
54
78
62
122
202
32
114
74
202
104
38
210
90
8
30
276
86
278
174
62
120
326
20
110
74
14
90
20
182
66
68
206
164
38
66
356
14
166
14
40
72
318
26
30
104
8
94
76
304
104
194
38
90
144
94
134
126
140
22
38
134
186
146
90
134
84
138
130
94
198
120
274
142
104
212
38
86
114
40
150
68
90
6
62
74
62
136
186
84
138
84
114
66
164
86
54
10
80
94
6
246
122
298
36
4
54
90
82
108
98
88
114
6
52
38
26
270
2
166
102
84
74
90
84
14
206
228
62
106
0
82
74
74
94
132
90
118
46
78
150
90
26
76
554
122
26
398
74
66
140
34
14
6
154
110
36
280
198
50
68
44
54
16
6
70
174
42
222
146
34
102
126
178
134
26
84
18
18
122
54
98
138
146
114
120
54
84
154
26
126
202
104
212
74
62
250
104
74
68
98
138
18
14
194
10
58
46
246
102
18
90
158
66
74
4
54
18
14
26
134
50
38
158
66
80
14
66
158
74
114
2
10
210
58
158
68
78
230
174
26
146
42
62
266
48
102
122
42
42
104
114
106
52
522
198
74
54
38
260
62
24
262
38
54
98
74
318
40
6
198
86
110
10
174
182
30
94
338
14
66
74
30
166
104
114
52
14
26
24
52
172
30
176
282
66
90
66
100
24
98
40
86
30
150
50
118
170
94
126
66
38
88
78
38
34
194
98
50
152
254
144
24
84
94
26
222
170
74
38
138
170
208
90
68
72
126
10
198
20
24
66
34
26
114
52
26
110
10
174
30
26
244
194
26
66
26
194
38
30
82
76
276
98
26
18
22
278
138
152
10
18
6
30
126
36
66
6
132
246
66
228
218
40
254
126
164
20
488
26
232
70
38
158
126
42
34
308
32
10
134
86
66
40
26
50
34
146
62
98
194
86
38
150
50
130
146
74
122
36
144
36
42
50
134
10
110
86
74
116
34
34
146
18
122
114
86
146
104
118
198
50
26
14
18
190
90
38
54
194
144
50
18
206
366
48
366
62
40
180
38
122
122
118
90
122
198
22
66
44
210
24
202
6
40
174
36
14
162
134
42
62
62
62
210
194
186
42
244
134
84
46
590
160
98
30
86
50
24
62
126
160
122
2
66
182
46
46
4
24
54
94
50
172
14
76
36
26
38
244
90
18
200
14
114
58
150
74
264
26
56
54
80
134
138
110
134
46
14
146
94
20
30
6
110
14
74
18
122
130
70
90
42
86
34
18
102
74
46
66
46
236
16
130
136
154
298
162
54
62
82
114
206
122
18
182
48
18
98
4
26
38
10
14
6
122
72
78
326
78
72
26
84
40
234
56
38
66
22
30
42
74
42
134
54
94
110
120
202
122
140
14
398
74
54
54
26
26
106
114
14
206
10
54
126
70
194
122
6
32
150
50
44
38
122
130
278
152
116
94
30
138
126
110
66
86
30
134
224
44
20
98
100
108
30
116
98
182
126
306
74
18
74
194
134
140
38
26
42
114
78
34
106
154
154
36
190
160
38
102
38
238
10
134
96
74
94
104
70
146
106
126
80
136
350
34
110
152
62
82
266
110
234
86
26
74
62
70
14
74
86
54
94
54
26
36
180
54
158
154
94
104
84
70
76
72
18
52
360
42
104
34
52
138
46
40
386
166
110
138
14
30
148
48
150
42
54
138
56
56
552
150
182
38
104
38
110
118
138
36
106
224
230
228
206
42
134
44
54
230
46
6
6
90
146
68
264
22
66
66
36
66
174
98
266
84
110
38
74
86
82
52
6
200
10
62
22
74
24
138
26
210
54
194
110
2
158
180
78
26
168
154
22
38
18
70
74
264
74
250
194
86
154
204
150
18
96
98
30
42
202
74
90
4
68
94
110
214
30
154
8
68
160
164
30
34
104
14
42
66
56
90
20
70
26
130
14
74
74
104
110
26
10
106
126
172
186
116
110
66
172
32
142
182
146
30
32
104
104
140
132
98
98
54
38
6
134
86
54
8
306
6
90
86
36
270
20
158
46
54
82
18
50
88
114
118
158
42
136
116
204
98
166
70
146
74
212
44
86
194
2
134
64
70
50
218
14
66
136
74
86
98
86
14
30
18
18
94
50
196
286
200
42
42
50
198
62
238
24
146
94
94
62
74
26
56
86
56
150
162
38
34
38
6
386
96
98
74
74
26
126
186
140
86
18
26
10
70
68
62
74
90
104
174
126
56
246
80
98
200
458
114
222
310
90
66
74
2
100
2
300
52
70
54
322
110
32
138
52
14
66
134
150
52
12
26
62
62
138
134
68
208
26
56
154
26
56
86
10
146
110
202
70
72
230
206
154
384
118
56
62
174
86
196
50
42
110
40
198
26
32
246
84
22
134
90
146
118
26
126
90
206
104
74
86
86
140
90
140
18
58
182
114
126
2
34
74
30
70
24
146
354
110
126
106
94
26
86
34
154
254
360
194
68
154
234
194
10
14
118
78
62
74
30
56
18
14
74
72
82
90
108
114
46
110
114
38
42
172
24
86
74
102
198
158
126
26
58
74
74
50
118
30
106
98
90
46
164
18
116
146
14
90
42
8
20
360
34
18
2
36
18
136
110
6
8
74
148
122
22
38
94
278
22
74
216
102
10
90
10
12
62
4
38
70
72
140
146
84
98
44
122
22
126
34
24
40
134
50
114
26
170
66
34
146
130
104
104
146
118
50
162
54
170
104
38
108
38
66
108
46
62
26
186
8
80
38
90
206
134
146
52
70
216
22
26
26
54
44
116
26
566
74
102
40
126
106
114
56
90
146
34
50
166
162
70
66
258
338
98
108
90
86
52
68
72
196
132
106
36
20
346
42
184
104
24
10
6
52
94
14
38
222
134
26
42
106
14
10
98
54
126
68
266
134
294
254
86
104
94
106
36
94
104
70
50
194
174
114
66
10
134
286
110
34
46
326
100
84
66
162
250
110
84
86
134
40
186
46
74
30
20
66
78
14
68
178
250
310
110
66
84
26
54
66
62
310
110
280
186
30
68
68
110
12
66
86
116
102
306
110
66
18
38
440
102
84
362
34
18
272
98
74
98
16
126
146
146
90
170
74
52
38
110
2
30
6
30
146
18
170
154
140
106
314
174
300
270
152
66
146
50
2
30
62
46
42
174
102
212
218
176
36
18
190
18
46
62
72
134
44
32
126
118
62
184
114
66
84
86
54
34
42
50
30
10
138
74
122
38
126
244
82
152
82
110
186
310
54
38
86
6
360
114
168
66
66
140
38
56
76
266
26
30
122
96
118
52
140
20
22
94
66
74
38
34
30
14
162
68
246
50
26
26
2
20
108
66
20
142
50
266
54
78
22
26
84
182
50
38
14
116
216
74
196
22
170
66
158
56
90
26
146
18
200
34
62
84
86
58
14
72
2
80
230
82
44
110
108
122
230
102
76
26
80
24
74
74
68
68
104
26
326
10
8
72
82
14
86
14
62
110
116
32
36
98
50
38
34
90
98
218
44
270
114
118
104
86
18
42
68
86
164
138
84
98
88
20
122
94
42
52
146
74
86
254
74
116
14
20
194
236
80
132
70
102
110
6
12
134
116
22
38
34
210
286
114
38
258
126
158
40
132
50
40
68
204
94
50
54
202
134
134
18
26
62
94
134
50
44
14
110
342
30
114
18
72
50
174
26
6
44
218
56
228
24
166
42
102
18
56
172
254
24
184
162
10
228
154
212
14
38
66
68
126
148
98
26
50
122
190
122
314
134
42
82
200
70
158
34
38
24
162
200
26
132
24
164
142
42
82
266
22
126
230
12
26
398
94
34
10
74
70
6
86
80
20
26
54
146
82
36
34
74
116
70
210
202
50
58
70
120
74
14
162
162
94
98
24
38
104
194
142
6
86
134
74
116
40
50
30
68
68
194
150
138
198
90
70
132
14
14
110
78
62
14
54
102
474
82
306
110
134
98
56
104
66
38
34
78
66
426
222
6
6
136
10
84
8
50
32
98
136
26
70
30
18
4
140
110
74
206
84
50
234
120
498
14
130
14
168
54
146
68
10
14
38
106
54
30
110
80
196
116
26
20
270
50
10
8
198
74
26
26
66
238
14
50
302
182
14
122
6
42
38
34
86
26
42
166
150
134
26
122
126
50
26
52
202
26
270
50
106
98
58
50
254
146
66
106
42
138
80
146
46
72
10
84
38
30
50
50
106
170
102
134
46
14
134
86
14
342
116
306
24
86
126
142
298
40
20
52
174
76
198
186
138
206
118
58
70
324
8
34
62
42
24
82
74
56
374
38
164
8
10
146
14
96
4
234
26
238
4
26
6
4
226
334
2
146
142
270
130
264
68
194
180
26
104
26
58
50
166
18
180
290
80
80
34
132
378
74
134
74
390
38
36
194
16
82
26
38
290
88
22
36
162
116
126
86
44
68
136
298
334
170
110
66
66
38
180
174
96
120
34
140
150
194
174
72
30
98
18
70
138
62
62
52
46
200
140
104
20
180
174
2
48
184
98
250
70
206
68
54
18
50
162
116
110
40
138
274
52
20
326
86
62
