0.476153   -0.293525   0.477291
-0.305464   -0.315464   -0.478565
0.496914   -0.256068   -0.265513
-0.424045   -0.464613   -0.300997
-0.0199442   -0.452083   0.44529
0.0993818   -0.270652   0.492649
-0.0990718   -0.281874   -0.47615
0.00858069   0.456257   -0.226488
0.212984   -0.481698   0.494961
0.268403   -0.175904   0.480053
0.0597043   -0.440259   -0.375699
0.400131   0.450151   -0.412837
0.433656   -0.115935   -0.407506
-0.270348   -0.11921   -0.481052
-0.324175   -0.10354   -0.27883
-0.19806   -0.270985   -0.276911
-0.161012   -0.154952   0.36896
0.00632472   0.0652732   -0.368004
-0.0918549   -0.110057   -0.377901
0.0963908   -0.110546   -0.343386
0.0181084   -0.0587935   0.449571
0.479002   0.10509   0.431361
0.301045   0.00342298   -0.470767
0.282493   -0.225528   -0.295902
-0.413646   0.0350915   -0.416585
-0.310944   0.396101   -0.444764
-0.463935   0.260166   -0.464353
-0.208912   0.0612883   -0.33898
-0.212737   0.0677964   0.42756
0.00572375   0.347481   -0.421576
-0.226999   0.249064   -0.280477
-0.0316238   0.24564   -0.212996
0.160586   0.156554   -0.4797
0.300612   0.321864   0.439126
0.207935   0.38951   -0.352746
0.350751   0.196735   -0.386182
-0.450219   0.442767   -0.111349
-0.348974   -0.347151   -0.154861
-0.42966   -0.394501   0.065726
-0.235829   0.476629   0.0156032
-0.147837   -0.497695   -0.399106
0.0483505   -0.265725   -0.22668
-0.0856897   -0.380737   -0.126058
0.0128631   0.392342   0.0158418
0.180288   0.386447   -0.12106
0.339411   -0.399945   -0.220041
0.141546   -0.391786   -0.0450621
0.377829   -0.436532   -0.0117084
0.459402   -0.072511   -0.198064
-0.242054   0.072094   -0.0946
-0.472701   0.0337418   -0.00225243
-0.24928   -0.146831   -0.0186041
-0.0462289   -0.0958539   -0.17441
0.0945232   0.0460143   -0.167239
-0.0344338   -0.00430906   0.0271816
-0.00690859   -0.226999   -0.00931498
0.245287   -0.206427   -0.100515
0.28221   0.000919743   -0.276041
0.35252   -0.102735   0.0567837
0.464757   -0.242158   -0.0341404
-0.430255   0.110178   -0.222448
-0.443075   0.313688   -0.268666
0.496636   0.230665   0.143346
-0.377458   0.262484   -0.0596793
-0.140502   0.245161   -0.0216678
-0.230379   0.459872   -0.224061
0.117288   0.183654   0.0159911
0.242446   0.0148866   -0.0566428
0.22734   0.207968   -0.237763
0.349925   0.360115   -0.209036
0.313582   0.306122   0.0608599
0.400242   0.185899   -0.0974811
0.431793   0.44787   0.152923
-0.210292   -0.363812   0.125292
-0.423379   -0.483009   0.410923
-0.2742   0.412282   0.286063
-0.0736196   0.432002   0.242219
-0.0154664   -0.394328   0.101904
-0.188268   -0.425627   0.377988
0.0983514   -0.463224   0.289368
0.235038   0.481227   0.100125
0.417005   -0.315492   0.197401
0.219544   -0.306427   0.323589
0.314464   0.48768   0.309785
-0.40232   -0.178234   0.121471
-0.307184   0.0835863   0.110233
-0.41886   -0.102406   0.379727
-0.321867   -0.272393   0.299988
-0.123542   -0.1792   0.157644
0.0104315   -0.0770293   0.247474
-0.158236   0.0113965   0.244493
-0.00585999   -0.27441   0.299043
0.191216   -0.243332   0.137103
-0.487391   -0.0223677   0.184271
0.209356   -0.0204468   0.334267
0.383692   -0.133406   0.350591
0.33363   0.0933098   0.107757
-0.300142   0.2914   0.116494
0.485095   0.350548   0.330428
-0.365038   0.194482   0.333869
-0.175222   0.228417   0.274816
0.0192875   0.24261   0.208261
-0.138968   0.369916   0.451736
-0.0214783   0.145957   0.385244
0.136237   0.0773145   0.180729
0.216479   0.329616   0.232273
0.0850316   0.347987   0.383233
0.317157   0.173253   0.309724
