2	0.987856	0.000768672	1.00297	0.000495011
3	0.992105	0.00428386	1.0017	0.00131705
4	0.994708	0.00421741	1.00104	0.00121895
5	0.996606	0.00393174	1.00045	0.00115359
6	0.992195	0.00552223	1.00166	0.00154885
7	0.992013	0.00478585	1.00186	0.00135689
8	0.993776	0.00457417	1.00161	0.00122284
9	0.997939	0.00583625	1.00054	0.00153125
10	0.999535	0.00551533	1.00001	0.00148449
11	0.999217	0.00504486	1.00009	0.00135756
12	0.99849	0.0046971	1.00025	0.00125985
13	0.998945	0.00437236	1.00016	0.00116998
14	0.99894	0.00407045	1.00006	0.00109344
15	0.995652	0.00503072	1.00097	0.00136471
16	0.996018	0.00473967	1.0009	0.0012836
17	0.995913	0.00446982	1.00094	0.00121063
18	0.995106	0.00430442	1.00111	0.00115889
19	0.995551	0.00410769	1.00103	0.00110265
20	0.995894	0.00392226	1.001	0.00104933
21	0.995569	0.00375387	1.00118	0.00101631
22	0.996633	0.00374148	1.00086	0.00102178
23	0.997448	0.00367376	1.00063	0.00100462
24	0.997289	0.00352735	1.00067	0.000964283
25	0.998698	0.0036705	1.00026	0.00101011
26	0.998951	0.00354094	1.00019	0.000974512
27	0.999183	0.00342007	1.00011	0.000942583
28	0.999268	0.00330111	1.0001	0.000909636
29	0.999441	0.00319388	1.00007	0.000879085
30	0.999975	0.00313501	0.999928	0.000862471
31	1.0001	0.00303799	0.999872	0.000836991
32	1.00013	0.00294464	0.999888	0.0008114
33	1.00013	0.00285672	0.999882	0.000787199
34	0.999192	0.00292766	1.00011	0.000796876
35	0.999103	0.00284658	1.00015	0.000775855
36	0.999002	0.00277041	1.00019	0.000755439
37	0.998747	0.0027085	1.00026	0.000738978
38	0.998988	0.00264912	1.00021	0.000721968
39	0.998845	0.00258603	1.00024	0.000704473
40	0.998322	0.00257578	1.0004	0.000705926
41	0.997892	0.00255024	1.00053	0.000700439
42	0.997591	0.00250837	1.00061	0.000688738
43	0.997683	0.00245243	1.00057	0.000674371
44	0.998059	0.00242659	1.00046	0.000667701
45	0.997934	0.0023765	1.00052	0.000655668
46	0.997905	0.00232557	1.00054	0.000641957
47	0.997587	0.0022987	1.0006	0.000631419
48	0.997764	0.00225827	1.00054	0.000621241
49	0.997112	0.00230693	1.00072	0.000633026
50	0.997124	0.00226128	1.00072	0.000620489
51	0.997251	0.00222102	1.00067	0.000610625
52	0.997466	0.00218933	1.0006	0.000602226
53	0.997269	0.00215743	1.00066	0.000593245
54	0.997417	0.00212299	1.00061	0.000583872
55	0.997455	0.00208508	1.00059	0.000573658
56	0.996868	0.00213069	1.00073	0.00058034
57	0.996372	0.00215154	1.00086	0.000583741
58	0.996276	0.00211694	1.00087	0.000573915
59	0.996302	0.00208152	1.00087	0.000564269
60	0.996128	0.00205444	1.00093	0.00055858
61	0.995692	0.00206759	1.00104	0.000560404
62	0.995596	0.00203679	1.00107	0.000552134
63	0.995659	0.00200571	1.00105	0.000544114
64	0.995586	0.00197598	1.00108	0.000536943
65	0.995473	0.00194905	1.00112	0.000530303
66	0.995261	0.00193138	1.00117	0.000524912
67	0.995777	0.00197136	1.00103	0.000535813
68	0.995954	0.00195067	1.00097	0.00053159
69	0.996009	0.00192337	1.00096	0.000524244
70	0.996012	0.00189609	1.00095	0.000516829
71	0.996725	0.00200079	1.00076	0.000544701
72	0.996843	0.0019767	1.00074	0.000537646
73	0.996819	0.00194995	1.00074	0.000530332
74	0.996788	0.00192404	1.00075	0.000523382
75	0.997007	0.00191125	1.0007	0.000519367
76	0.99693	0.00188785	1.00072	0.00051307
77	0.996703	0.00187734	1.00078	0.000509896
78	0.996689	0.00185347	1.00079	0.000503519
79	0.996393	0.00185383	1.00087	0.00050388
80	0.996535	0.0018363	1.00084	0.000498684
81	0.99702	0.0018775	1.00072	0.000505411
82	0.997062	0.0018552	1.00071	0.000499393
83	0.997353	0.001856	1.00063	0.000500111
84	0.99759	0.00184924	1.00057	0.000497905
85	0.997623	0.00182792	1.00055	0.000492409
86	0.997413	0.00181903	1.00061	0.000490555
87	0.997299	0.00180181	1.00064	0.000485559
88	0.99738	0.00178327	1.00062	0.000480531
89	0.997339	0.00176383	1.00063	0.000475281
90	0.997183	0.00175122	1.00066	0.000471108
91	0.997419	0.00174807	1.00061	0.000468319
92	0.997324	0.00173182	1.00064	0.000464053
93	0.997388	0.00171448	1.00063	0.000459271
94	0.997557	0.00170479	1.00059	0.000455978
95	0.997555	0.00168694	1.00059	0.000451206
96	0.997284	0.00169145	1.00066	0.000451686
97	0.997588	0.0017016	1.00058	0.000452887
98	0.997246	0.00171881	1.00068	0.000458206
99	0.99732	0.00170316	1.00066	0.00045419
100	0.997445	0.00169088	1.00062	0.000451266
101	0.997531	0.0016764	1.0006	0.00044701
102	0.997711	0.00166975	1.00057	0.00044434
103	0.997531	0.00166339	1.00061	0.000442631
104	0.997518	0.00164752	1.00062	0.000438417
105	0.997789	0.00165425	1.00054	0.000441287
106	0.997842	0.00163956	1.00053	0.000437191
107	0.998031	0.00163522	1.00048	0.000435801
108	0.998042	0.00162018	1.00048	0.000431785
109	0.997836	0.00161844	1.00055	0.000432296
110	0.997784	0.00160466	1.00056	0.000428672
111	0.997866	0.00159239	1.00054	0.000425196
112	0.997926	0.00157938	1.00053	0.000421689
113	0.997677	0.00158523	1.00058	0.000421381
114	0.997741	0.0015727	1.00057	0.000417897
115	0.998189	0.00162216	1.00045	0.00043035
116	0.998254	0.00160957	1.00044	0.000426815
117	0.998257	0.00159588	1.00043	0.000423288
118	0.998128	0.0015876	1.00047	0.000421404
119	0.998193	0.00157564	1.00045	0.000418172
120	0.998185	0.00156258	1.00046	0.000414753
121	0.998089	0.0015527	1.00049	0.000412191
122	0.998028	0.00154123	1.0005	0.000409015
123	0.998277	0.0015488	1.00043	0.000411453
124	0.998132	0.00154312	1.00047	0.000410116
125	0.998108	0.00153102	1.00047	0.000406862
126	0.998026	0.00152111	1.00049	0.000404092
127	0.997855	0.00151885	1.00054	0.000403122
128	0.997644	0.00152176	1.00059	0.000403773
129	0.9978	0.00151809	1.00054	0.000403256
130	0.997724	0.00150838	1.00058	0.000401617
131	0.997689	0.00149732	1.00059	0.000398764
132	0.997627	0.0014873	1.0006	0.00039592
133	0.997502	0.00148148	1.00064	0.000394748
134	0.997564	0.00147177	1.00063	0.000391962
135	0.997706	0.00146782	1.0006	0.000390528
136	0.997919	0.00147256	1.00055	0.000390677
137	0.997859	0.00146307	1.00057	0.000388245
138	0.997969	0.00145663	1.00054	0.000386341
139	0.997973	0.00144619	1.00053	0.000383679
140	0.997908	0.00143738	1.00054	0.000381118
141	0.997738	0.00143736	1.00059	0.000381266
142	0.997792	0.00142831	1.00056	0.000379285
143	0.997872	0.00142061	1.00054	0.000377426
144	0.997855	0.00141088	1.00054	0.000374816
145	0.997914	0.00140242	1.00052	0.000372753
146	0.997972	0.00139406	1.0005	0.000370651
147	0.998101	0.00139059	1.00046	0.000370754
148	0.998093	0.00138125	1.00046	0.000368258
149	0.99813	0.00137251	1.00045	0.000365998
150	0.998313	0.00137558	1.0004	0.000366546
151	0.998429	0.00137142	1.00037	0.000365146
152	0.998396	0.00136282	1.00038	0.000362804
153	0.998519	0.00135947	1.00034	0.000362096
154	0.998619	0.0013544	1.00031	0.000360946
155	0.99875	0.00135204	1.00028	0.000360343
156	0.998759	0.00134343	1.00027	0.000358099
157	0.998731	0.00133518	1.00028	0.000356056
158	0.99875	0.0013269	1.00028	0.00035381
159	0.998726	0.00131881	1.00029	0.000351672
160	0.998566	0.00132029	1.00034	0.000352228
161	0.998472	0.00131548	1.00036	0.000350673
162	0.998556	0.0013101	1.00033	0.000349778
163	0.998696	0.00130952	1.00029	0.000349185
164	0.998698	0.00130156	1.0003	0.000347079
165	0.998837	0.00130119	1.00026	0.000346903
166	0.998828	0.0012934	1.00026	0.000344819
167	0.998873	0.00128648	1.00026	0.000342806
168	0.998749	0.0012848	1.00029	0.000342983
169	0.998576	0.00128886	1.00034	0.000344538
170	0.998679	0.00128538	1.00032	0.000343351
171	0.998705	0.00127816	1.00031	0.000341521
172	0.998781	0.001273	1.00029	0.000339992
173	0.998886	0.00127001	1.00026	0.000339229
174	0.998874	0.00126279	1.00026	0.000337287
175	0.998924	0.0012566	1.00024	0.000335868
176	0.998975	0.0012505	1.00024	0.000334053
177	0.998881	0.00124696	1.00026	0.000333234
178	0.998838	0.00124074	1.00028	0.000331714
179	0.998803	0.00123432	1.00029	0.000330044
180	0.998726	0.0012299	1.00032	0.000329552
181	0.998679	0.00122403	1.00033	0.000328081
182	0.998719	0.001218	1.00032	0.000326728
183	0.998679	0.00121204	1.00033	0.000325171
184	0.99875	0.0012076	1.00031	0.000323827
185	0.99882	0.00120312	1.00029	0.000322662
186	0.998692	0.00120352	1.00033	0.000322702
187	0.998601	0.00120052	1.00035	0.000321964
188	0.998613	0.00119421	1.00035	0.000320279
189	0.998685	0.00119007	1.00033	0.000318943
190	0.998635	0.00118488	1.00034	0.000317317
191	0.998585	0.00117975	1.00035	0.000315792
192	0.998568	0.00117374	1.00034	0.000314158
193	0.998491	0.00117017	1.00037	0.000313254
194	0.998495	0.00116416	1.00036	0.000311656
195	0.998493	0.00115821	1.00036	0.000310065
196	0.99836	0.00116002	1.0004	0.000310149
197	0.998378	0.0011543	1.00039	0.000308632
198	0.998454	0.00115099	1.00037	0.000307699
199	0.998404	0.00114631	1.00039	0.000306539
200	0.998512	0.00114561	1.00036	0.000306517
201	0.998488	0.00114017	1.00036	0.000305021
202	0.998399	0.00113805	1.00039	0.000304989
203	0.998308	0.00113603	1.00041	0.000304382
204	0.998372	0.00113228	1.00039	0.000303462
205	0.998457	0.00112998	1.00037	0.000302779
206	0.998325	0.00113231	1.00041	0.000303279
207	0.998309	0.00112696	1.00041	0.00030182
208	0.998304	0.00112156	1.00041	0.000300372
209	0.998268	0.0011168	1.00041	0.000299002
210	0.998207	0.0011132	1.00043	0.000298184
211	0.998296	0.00111155	1.00041	0.000297856
212	0.998327	0.00110674	1.0004	0.000296496
213	0.998448	0.00110827	1.00038	0.000296272
214	0.998497	0.00110416	1.00036	0.000295192
215	0.998471	0.00109933	1.00038	0.000294139
216	0.998416	0.00109563	1.00039	0.000292941
217	0.998299	0.00109691	1.00041	0.000292768
218	0.998289	0.00109194	1.00041	0.000291428
219	0.998362	0.00108943	1.00039	0.000290714
220	0.998513	0.00109494	1.00035	0.000292753
221	0.998543	0.0010904	1.00034	0.000291548
222	0.998544	0.0010855	1.00034	0.000290239
223	0.998478	0.00108266	1.00036	0.000289452
224	0.998491	0.00107793	1.00035	0.000288194
225	0.998559	0.00107526	1.00034	0.000287312
226	0.998541	0.00107066	1.00034	0.000286056
227	0.998578	0.00106659	1.00032	0.000285267
228	0.99867	0.00106587	1.0003	0.000285426
229	0.998825	0.00107253	1.00026	0.000287163
230	0.998771	0.00106927	1.00027	0.000286329
231	0.998739	0.00106511	1.00027	0.000285098
232	0.998749	0.00106057	1.00027	0.000283876
233	0.998766	0.00105617	1.00027	0.000282669
234	0.998785	0.00105183	1.00027	0.000281551
235	0.998795	0.00104742	1.00026	0.000280426
236	0.998893	0.00104756	1.00024	0.000280302
237	0.9988	0.0010473	1.00026	0.00028018
238	0.998771	0.00104331	1.00027	0.000279084
239	0.998641	0.00104706	1.0003	0.000279621
240	0.998632	0.00104275	1.0003	0.000278473
241	0.998545	0.00104203	1.00032	0.000278058
242	0.998628	0.00104102	1.0003	0.000277611
243	0.998599	0.00103714	1.00031	0.000276648
244	0.998554	0.00103387	1.00032	0.000275754
245	0.998428	0.00103738	1.00035	0.000276388
246	0.998436	0.0010332	1.00035	0.000275272
247	0.998381	0.0010305	1.00036	0.000274331
248	0.99838	0.00102635	1.00036	0.000273255
249	0.998352	0.00102264	1.00038	0.000272407
250	0.998273	0.00102159	1.00041	0.000272918
251	0.99832	0.00101861	1.00039	0.000272079
252	0.998295	0.00101488	1.0004	0.000271148
253	0.998354	0.00101256	1.00039	0.000270486
254	0.998363	0.00100863	1.00038	0.000269492
255	0.998484	0.00101195	1.00035	0.000270275
256	0.99853	0.00100903	1.00034	0.000269407
257	0.99854	0.00100517	1.00034	0.000268369
258	0.998523	0.00100143	1.00035	0.000267344
259	0.998493	0.000998012	1.00035	0.000266361
260	0.998403	0.000998235	1.00038	0.000266588
261	0.9984	0.000994422	1.00038	0.000265569
262	0.998376	0.000990944	1.00038	0.000264575
263	0.998318	0.000988881	1.0004	0.000264238
264	0.998272	0.000986205	1.00041	0.000263634
265	0.998309	0.000983197	1.0004	0.000262866
266	0.998172	0.000989038	1.00044	0.000264463
267	0.998067	0.000990979	1.00047	0.000265226
268	0.998072	0.000987302	1.00047	0.000264254
269	0.99805	0.000983882	1.00047	0.00026334
270	0.998119	0.000982673	1.00045	0.0002632
271	0.998101	0.000979219	1.00046	0.00026228
272	0.997987	0.000982233	1.00049	0.000263219
273	0.997975	0.000978722	1.00049	0.000262257
274	0.997869	0.000980865	1.00051	0.000262619
275	0.997729	0.000987366	1.00055	0.00026435
276	0.997768	0.000984577	1.00054	0.000263574
277	0.997725	0.000981964	1.00055	0.000262806
278	0.997713	0.000978515	1.00056	0.000261901
279	0.997745	0.000975555	1.00055	0.000260972
280	0.997783	0.000972798	1.00055	0.000260195
281	0.997876	0.0009738	1.00052	0.000260272
282	0.997927	0.00097172	1.00051	0.000259801
283	0.99791	0.000968454	1.00051	0.000258939
284	0.997821	0.000969139	1.00054	0.000259047
285	0.997767	0.000967223	1.00055	0.000258565
286	0.997709	0.000965622	1.00057	0.000258253
287	0.997691	0.000962431	1.00057	0.000257355
288	0.997758	0.000961485	1.00055	0.000257268
289	0.997718	0.00095901	1.00056	0.000256586
290	0.997717	0.00095571	1.00056	0.000255702
291	0.99769	0.000952798	1.00056	0.000254888
292	0.997763	0.000952343	1.00054	0.000255201
293	0.997714	0.000950354	1.00055	0.000254606
294	0.997633	0.000950613	1.00057	0.000254261
295	0.997657	0.000947711	1.00056	0.000253505
296	0.997591	0.000946835	1.00058	0.000253391
297	0.997725	0.000953082	1.00054	0.000255175
298	0.997758	0.000950465	1.00053	0.000254576
299	0.997742	0.000947434	1.00053	0.000253727
300	0.997816	0.000947225	1.00051	0.000253675
301	0.997858	0.000944996	1.0005	0.000252991
302	0.997832	0.000942226	1.00051	0.000252294
303	0.997827	0.000939133	1.00051	0.000251494
304	0.997768	0.000937937	1.00053	0.000251289
305	0.997782	0.00093498	1.00053	0.000250476
306	0.997794	0.000932006	1.00053	0.000249674
307	0.997777	0.000929139	1.00053	0.000248964
308	0.997801	0.000926447	1.00053	0.000248256
309	0.997782	0.000923652	1.00053	0.000247494
310	0.997726	0.000922369	1.00055	0.000247257
311	0.997847	0.00092734	1.00052	0.000248222
312	0.997759	0.000928574	1.00054	0.000248462
313	0.997799	0.000926495	1.00054	0.000247747
314	0.997942	0.000934445	1.0005	0.000249123
315	0.997981	0.000932312	1.00049	0.000248544
316	0.997989	0.0009294	1.00049	0.000247836
317	0.998052	0.000928655	1.00047	0.000247532
318	0.997994	0.00092759	1.00048	0.000247153
319	0.998017	0.000924979	1.00048	0.000246437
320	0.998043	0.000922467	1.00047	0.000245733
321	0.998086	0.000920594	1.00047	0.00024512
322	0.99815	0.000919944	1.00045	0.000244857
323	0.998175	0.000917461	1.00044	0.000244155
324	0.998284	0.000920997	1.00041	0.000245665
325	0.99829	0.000918192	1.00041	0.000244922
326	0.998245	0.00091652	1.00042	0.000244394
327	0.998293	0.000915015	1.00041	0.000243848
328	0.998324	0.000912749	1.0004	0.000243231
329	0.99828	0.000911067	1.00041	0.000242729
330	0.998299	0.000908511	1.00041	0.000242075
331	0.998354	0.000907466	1.00039	0.000241907
332	0.99837	0.000904882	1.00039	0.000241217
333	0.99837	0.000902169	1.00039	0.000240498
334	0.998374	0.00089948	1.00039	0.00023978
335	0.998367	0.000896824	1.00039	0.000239098
336	0.998385	0.000894331	1.00039	0.000238429
337	0.998393	0.000891721	1.00039	0.000237724
338	0.998451	0.000890978	1.00037	0.000237749
339	0.998418	0.000888984	1.00037	0.000237152
340	0.998434	0.000886526	1.00037	0.000236464
341	0.99843	0.000883941	1.00037	0.000235773
342	0.998464	0.000882009	1.00036	0.000235432
343	0.998499	0.000880161	1.00035	0.000234841
344	0.998558	0.000879594	1.00033	0.00023492
345	0.9986	0.000878021	1.00032	0.000234506
346	0.998536	0.000877775	1.00034	0.000234375
347	0.998507	0.000875727	1.00035	0.000233831
348	0.998548	0.000874154	1.00034	0.000233293
349	0.998607	0.000873656	1.00032	0.000233105
350	0.998567	0.000872084	1.00034	0.000232777
351	0.998505	0.000871809	1.00035	0.000232565
352	0.998469	0.000870073	1.00036	0.000231973
353	0.99848	0.000867675	1.00036	0.000231319
354	0.998493	0.000865323	1.00035	0.000230696
355	0.998488	0.000862902	1.00035	0.000230048
356	0.998483	0.000860497	1.00035	0.000229403
357	0.998434	0.000859462	1.00036	0.000228994
358	0.998451	0.000857237	1.00036	0.000228387
359	0.998491	0.000855748	1.00035	0.000227913
360	0.998506	0.000853505	1.00035	0.000227296
361	0.998521	0.000851277	1.00034	0.000226699
362	0.998494	0.000849345	1.00035	0.00022627
363	0.998538	0.000848158	1.00034	0.000225867
364	0.998513	0.000846213	1.00035	0.000225428
365	0.998518	0.000843912	1.00035	0.000224813
366	0.998562	0.000842761	1.00034	0.000224445
367	0.998552	0.000840522	1.00034	0.000223882
368	0.998493	0.000840356	1.00036	0.000223883
369	0.998406	0.000842553	1.00039	0.000224783
370	0.998352	0.000842027	1.0004	0.00022464
371	0.998341	0.00083983	1.0004	0.000224038
372	0.998381	0.000838543	1.0004	0.000223502
373	0.998437	0.000838159	1.00038	0.000223351
374	0.998437	0.000835921	1.00038	0.000222777
375	0.998469	0.000834317	1.00037	0.000222269
376	0.998428	0.000833095	1.00038	0.000221833
377	0.998379	0.000832342	1.0004	0.000221875
378	0.998458	0.00083387	1.00038	0.000222219
379	0.998454	0.00083168	1.00038	0.000221683
380	0.998438	0.000829658	1.00039	0.000221154
381	0.998363	0.000830812	1.00041	0.000221783
382	0.998292	0.000831665	1.00043	0.000222157
383	0.998291	0.000829498	1.00043	0.000221587
384	0.998291	0.000827341	1.00044	0.000221018
385	0.998251	0.000826175	1.00045	0.000220641
386	0.998244	0.000824065	1.00044	0.000220072
387	0.99831	0.000824601	1.00043	0.000220087
388	0.998347	0.000823291	1.00042	0.000219708
389	0.998335	0.000821259	1.00042	0.000219168
390	0.998289	0.000820453	1.00044	0.000218974
391	0.998254	0.000819094	1.00044	0.0002186
392	0.998254	0.000817007	1.00045	0.000218065
393	0.998299	0.000816219	1.00044	0.000217766
394	0.99825	0.000815621	1.00045	0.000217602
395	0.998271	0.000813814	1.00045	0.000217094
396	0.998314	0.000812936	1.00043	0.000217088
397	0.99835	0.000811659	1.00042	0.00021677
398	0.998387	0.000810479	1.00041	0.00021648
399	0.998411	0.000808813	1.00041	0.000215984
400	0.998359	0.000808496	1.00042	0.000215985
401	0.998351	0.000806524	1.00042	0.000215463
402	0.998339	0.000804606	1.00043	0.000214969
403	0.99835	0.000802687	1.00043	0.000214442
404	0.998371	0.000800995	1.00042	0.000214089
405	0.998394	0.000799335	1.00041	0.000213571
406	0.998361	0.000798029	1.00042	0.000213244
407	0.99837	0.000796118	1.00042	0.000212721
408	0.998357	0.000794272	1.00043	0.000212275
409	0.998388	0.000792936	1.00042	0.000212057
410	0.998363	0.000791415	1.00043	0.000211693
411	0.998273	0.000794537	1.00045	0.000212252
412	0.99831	0.000793441	1.00044	0.000212061
413	0.998354	0.000792786	1.00042	0.000211845
414	0.998369	0.000791005	1.00042	0.000211409
415	0.998384	0.000789252	1.00042	0.000210918
416	0.998362	0.000787674	1.00042	0.000210464
417	0.998374	0.00078588	1.00042	0.000209967
418	0.998344	0.00078459	1.00043	0.000209701
419	0.998333	0.000782796	1.00043	0.000209209
420	0.998319	0.000781062	1.00043	0.000208719
421	0.998295	0.000779556	1.00044	0.000208378
422	0.998297	0.000777714	1.00044	0.00020789
423	0.998308	0.000775956	1.00044	0.00020743
424	0.998327	0.000774343	1.00044	0.00020697
425	0.998372	0.000773822	1.00043	0.000206734
426	0.998372	0.000772008	1.00042	0.000206261
427	0.998408	0.000771041	1.00041	0.000206119
428	0.998382	0.000769684	1.00042	0.000205784
429	0.998397	0.000768041	1.00041	0.000205425
430	0.998441	0.00076752	1.0004	0.000205256
431	0.998477	0.000766571	1.00039	0.000204918
432	0.998499	0.000765127	1.00039	0.000204559
433	0.998493	0.000763384	1.00039	0.00020409
434	0.998534	0.000762707	1.00037	0.000204151
435	0.998578	0.000762237	1.00036	0.000203943
436	0.998561	0.000760689	1.00037	0.000203587
437	0.998524	0.000759822	1.00038	0.000203319
438	0.998532	0.000758125	1.00037	0.000202887
439	0.998608	0.000760239	1.00036	0.000203345
440	0.998554	0.000760434	1.00037	0.000203429
441	0.998575	0.000759002	1.00036	0.000203039
442	0.998532	0.000758525	1.00038	0.000203072
443	0.998516	0.000756966	1.00038	0.00020266
444	0.998501	0.00075543	1.00039	0.000202298
445	0.99852	0.000753996	1.00038	0.000201968
446	0.998503	0.000752516	1.00039	0.000201539
447	0.998503	0.000750835	1.00039	0.000201089
448	0.998458	0.000750482	1.0004	0.000201098
449	0.998417	0.000749969	1.00041	0.000201029
450	0.998394	0.000748655	1.00042	0.000200672
451	0.998393	0.000746997	1.00042	0.00020024
452	0.9984	0.000745372	1.00042	0.000199812
453	0.998422	0.000744065	1.00041	0.000199507
454	0.99839	0.000743127	1.00042	0.000199204
455	0.998424	0.000742293	1.00041	0.000198985
456	0.998518	0.000746567	1.00038	0.000199925
457	0.998477	0.000746036	1.0004	0.000199979
458	0.998512	0.0007452	1.00039	0.000199798
459	0.998493	0.000743816	1.00039	0.000199452
460	0.99855	0.000744422	1.00038	0.000199847
461	0.998569	0.000743039	1.00037	0.000199503
462	0.998581	0.000741533	1.00037	0.0001991
463	0.998577	0.000739947	1.00037	0.000198674
464	0.998576	0.000738354	1.00037	0.000198264
465	0.99859	0.000736886	1.00037	0.000197848
466	0.998604	0.000735445	1.00037	0.000197425
467	0.998622	0.000734087	1.00036	0.000197067
468	0.998715	0.000738411	1.00034	0.000198206
469	0.998694	0.000737126	1.00035	0.000197976
470	0.998717	0.000735909	1.00034	0.00019764
471	0.998717	0.000734349	1.00034	0.000197221
472	0.998745	0.000733301	1.00033	0.000196959
473	0.998816	0.000735209	1.00031	0.000197816
474	0.998839	0.000734007	1.0003	0.000197486
475	0.998877	0.000733454	1.00029	0.000197339
476	0.998857	0.000732177	1.0003	0.000196996
477	0.998907	0.000732344	1.00029	0.000197017
478	0.998924	0.000731019	1.00028	0.000196669
479	0.998939	0.000729642	1.00028	0.000196327
480	0.998984	0.000729506	1.00026	0.000196438
481	0.999033	0.000729656	1.00025	0.000196404
482	0.999058	0.000728564	1.00024	0.000196126
483	0.999055	0.000727061	1.00024	0.000195726
484	0.999066	0.000725647	1.00024	0.000195324
485	0.999078	0.000724246	1.00024	0.000194945
486	0.999029	0.000724426	1.00025	0.000194898
487	0.999005	0.00072335	1.00026	0.000194621
488	0.999006	0.00072187	1.00026	0.000194223
489	0.998986	0.000720658	1.00026	0.000193863
490	0.998969	0.000719385	1.00027	0.000193532
491	0.999005	0.000718784	1.00026	0.000193304
492	0.998965	0.000718394	1.00027	0.000193102
493	0.998945	0.000717222	1.00027	0.000192779
494	0.998916	0.000716371	1.00028	0.000192446
495	0.998917	0.000714927	1.00028	0.000192068
496	0.998919	0.000713489	1.00028	0.000191693
497	0.998909	0.000712134	1.00028	0.000191334
498	0.998908	0.000710705	1.00028	0.00019095
499	0.998944	0.000710178	1.00027	0.000190773
500	0.99899	0.000710234	1.00026	0.000190668
501	0.998949	0.000709996	1.00027	0.000190656
502	0.999026	0.000712733	1.00025	0.000191463
503	0.99905	0.000711742	1.00025	0.000191163
504	0.999024	0.000710812	1.00026	0.000190938
505	0.999038	0.000709552	1.00025	0.000190626
506	0.99903	0.000708199	1.00025	0.000190253
507	0.999052	0.000707135	1.00025	0.000189948
508	0.99908	0.000706293	1.00024	0.000189696
509	0.999085	0.000704929	1.00024	0.00018935
510	0.999097	0.000703648	1.00023	0.000189063
511	0.999124	0.000702796	1.00022	0.000188901
512	0.999099	0.000701893	1.00023	0.000188729
513	0.999076	0.000700888	1.00024	0.000188433
514	0.999062	0.000699677	1.00024	0.000188158
515	0.998993	0.000701712	1.00026	0.000188897
516	0.998995	0.000700356	1.00026	0.000188532
517	0.999026	0.000699722	1.00025	0.000188436
518	0.999049	0.000698739	1.00025	0.00018819
519	0.999057	0.000697446	1.00024	0.000187874
520	0.999063	0.000696125	1.00024	0.000187513
521	0.999032	0.000695442	1.00025	0.000187383
522	0.999006	0.000694597	1.00026	0.000187186
523	0.999012	0.000693293	1.00026	0.00018683
524	0.999039	0.000692477	1.00025	0.000186651
525	0.999022	0.00069137	1.00026	0.000186397
526	0.999053	0.000690796	1.00025	0.000186193
527	0.999075	0.000689829	1.00024	0.000185908
528	0.999077	0.000688526	1.00024	0.000185585
529	0.999088	0.000687308	1.00024	0.000185242
530	0.999116	0.000686598	1.00023	0.000185047
531	0.999125	0.000685366	1.00023	0.000184701
532	0.999148	0.000684475	1.00022	0.000184481
533	0.999172	0.000683608	1.00022	0.000184197
534	0.999157	0.000682492	1.00022	0.000183916
535	0.999176	0.000681468	1.00022	0.000183636
536	0.999191	0.000680376	1.00021	0.000183383
537	0.999177	0.000679271	1.00022	0.000183135
538	0.999216	0.000679134	1.00021	0.000183127
539	0.99927	0.000680045	1.00019	0.000183272
540	0.999273	0.000678792	1.00019	0.000182942
541	0.999284	0.000677635	1.00019	0.000182682
542	0.999286	0.00067639	1.00019	0.000182346
543	0.999283	0.000675155	1.00018	0.000182017
544	0.999227	0.000676178	1.0002	0.000182169
545	0.999212	0.000675108	1.0002	0.000181854
546	0.999214	0.000673875	1.0002	0.000181526
547	0.999233	0.000672913	1.0002	0.000181226
548	0.999201	0.000672441	1.0002	0.000181059
549	0.999188	0.000671349	1.00021	0.000180778
550	0.99917	0.00067037	1.00021	0.000180535
551	0.999155	0.000669329	1.00022	0.000180267
552	0.999129	0.000668615	1.00022	0.000180008
553	0.999161	0.000668206	1.00021	0.000179907
554	0.999139	0.000667382	1.00022	0.000179645
555	0.999171	0.000666936	1.00021	0.000179555
556	0.999157	0.000665884	1.00021	0.000179308
557	0.999165	0.000664741	1.00021	0.000178994
558	0.999137	0.000664126	1.00022	0.000178764
559	0.999151	0.000663079	1.00021	0.000178506
560	0.999155	0.000661909	1.00021	0.000178188
561	0.999192	0.000661786	1.0002	0.000178194
562	0.999184	0.000660669	1.00021	0.000177921
563	0.999173	0.000659576	1.00021	0.000177687
564	0.999167	0.00065844	1.00021	0.000177378
565	0.999214	0.000659	1.0002	0.000177531
566	0.999201	0.000657975	1.0002	0.000177271
567	0.999223	0.00065719	1.0002	0.000177048
568	0.999189	0.000656904	1.00021	0.000176999
569	0.999185	0.000655765	1.00021	0.000176692
570	0.999211	0.000655116	1.0002	0.000176487
571	0.999241	0.000654675	1.00019	0.000176469
572	0.999229	0.000653648	1.0002	0.000176222
573	0.99922	0.000652563	1.0002	0.000175949
574	0.999204	0.000651622	1.00021	0.000175691
575	0.999212	0.000650531	1.0002	0.000175418
576	0.999201	0.000649487	1.0002	0.000175117
577	0.99922	0.000648644	1.0002	0.000174983
578	0.999231	0.000647609	1.00019	0.000174699
579	0.999174	0.000648994	1.00021	0.00017499
580	0.999209	0.00064881	1.0002	0.000174993
581	0.999183	0.00064821	1.0002	0.000174822
582	0.999184	0.0006471	1.0002	0.000174524
583	0.999165	0.000646293	1.00021	0.000174315
584	0.999142	0.000645592	1.00021	0.000174104
585	0.999142	0.00064449	1.00021	0.000173818
586	0.999154	0.000643503	1.00021	0.000173533
587	0.999146	0.000642461	1.00021	0.000173261
588	0.999182	0.000642382	1.00021	0.000173128
589	0.999141	0.000642572	1.00022	0.000173261
590	0.99911	0.000642224	1.00023	0.00017318
591	0.999111	0.000641138	1.00023	0.000172901
592	0.999101	0.000640126	1.00023	0.000172628
593	0.999143	0.000640418	1.00022	0.000172682
594	0.999145	0.000639344	1.00022	0.000172394
595	0.999182	0.000639362	1.00021	0.0001724
596	0.99922	0.00063942	1.0002	0.000172483
597	0.999259	0.000639522	1.00019	0.000172554
598	0.999226	0.000639333	1.0002	0.000172467
599	0.999187	0.000639418	1.00021	0.000172575
600	0.999186	0.000638354	1.00021	0.000172287
601	0.999173	0.000637421	1.00021	0.000172045
602	0.999189	0.000636548	1.00021	0.000171823
603	0.999217	0.000636143	1.0002	0.00017172
604	0.9992	0.000635324	1.0002	0.000171478
605	0.999199	0.000634275	1.0002	0.000171195
606	0.999232	0.000634094	1.00019	0.000171094
607	0.999242	0.000633132	1.00019	0.000170852
608	0.999258	0.000632286	1.00018	0.000170658
609	0.999276	0.000631517	1.00018	0.000170493
610	0.999283	0.000630519	1.00018	0.000170214
611	0.999306	0.000629898	1.00017	0.000170052
612	0.999252	0.000631156	1.00018	0.000170269
613	0.999281	0.000630787	1.00018	0.000170165
614	0.999294	0.000629883	1.00017	0.000169917
615	0.999293	0.00062886	1.00018	0.000169644
616	0.999348	0.000630273	1.00016	0.000170112
617	0.999388	0.000630519	1.00015	0.000170068
618	0.999364	0.000629963	1.00016	0.000169901
619	0.999346	0.000629185	1.00016	0.000169717
620	0.999354	0.000628218	1.00016	0.000169466
621	0.999356	0.000627209	1.00016	0.000169194
622	0.999363	0.000626238	1.00016	0.000168938
623	0.999382	0.000625519	1.00015	0.000168727
624	0.999398	0.000624732	1.00015	0.000168511
625	0.999415	0.000623967	1.00014	0.000168289
626	0.999407	0.000623029	1.00015	0.000168048
627	0.999446	0.000623261	1.00014	0.000168084
628	0.999461	0.00062245	1.00013	0.000167878
629	0.999437	0.000621919	1.00014	0.000167744
630	0.999458	0.000621283	1.00013	0.000167624
631	0.999492	0.000621248	1.00012	0.000167691
632	0.999493	0.000620266	1.00012	0.000167437
633	0.999484	0.00061935	1.00013	0.00016721
634	0.999475	0.000618434	1.00013	0.000166949
635	0.999441	0.000618399	1.00014	0.000166914
636	0.99944	0.000617428	1.00014	0.000166653
637	0.999426	0.000616615	1.00014	0.000166425
638	0.999455	0.000616301	1.00013	0.000166446
639	0.999465	0.000615423	1.00013	0.000166211
640	0.999459	0.000614491	1.00013	0.000165966
641	0.99948	0.000613893	1.00012	0.000165776
642	0.999476	0.000612954	1.00013	0.000165523
643	0.999477	0.000612004	1.00012	0.000165269
644	0.999502	0.000611558	1.00012	0.000165128
645	0.999523	0.000610991	1.00011	0.000165001
646	0.999527	0.000610055	1.00011	0.000164749
647	0.999546	0.000609417	1.0001	0.000164591
648	0.999576	0.000609205	1.00009	0.000164646
649	0.999547	0.000608936	1.0001	0.000164528
650	0.999551	0.000608009	1.0001	0.000164275
651	0.999548	0.000607082	1.0001	0.000164034
652	0.999528	0.000606489	1.00011	0.000163887
653	0.999559	0.000606376	1.0001	0.000163847
654	0.999563	0.000605461	1.0001	0.000163597
655	0.999561	0.000604542	1.0001	0.00016336
656	0.999539	0.000603992	1.00011	0.000163214
657	0.999546	0.000603111	1.0001	0.000163012
658	0.999567	0.000602565	1.0001	0.000162837
659	0.999557	0.000601731	1.0001	0.000162628
660	0.999595	0.00060202	1.00009	0.000162688
661	0.999604	0.000601169	1.00009	0.000162442
662	0.999638	0.000601249	1.00008	0.000162467
663	0.999627	0.000600458	1.00009	0.000162267
664	0.999611	0.000599766	1.00009	0.000162041
665	0.999617	0.000598901	1.00009	0.000161797
666	0.999635	0.000598278	1.00008	0.000161646
667	0.99963	0.000597406	1.00009	0.000161408
668	0.999626	0.000596525	1.00009	0.000161168
669	0.999608	0.000595924	1.00009	0.000160991
670	0.999644	0.000596174	1.00008	0.000161047
671	0.999615	0.000596001	1.00009	0.000161015
672	0.999623	0.000595163	1.00009	0.000160776
673	0.999591	0.000595152	1.0001	0.000160912
674	0.999555	0.000595317	1.00011	0.000160864
675	0.999531	0.000594915	1.00011	0.000160788
676	0.999526	0.000594064	1.00012	0.000160553
677	0.999527	0.00059319	1.00011	0.000160322
678	0.999535	0.000592369	1.00011	0.000160115
679	0.999519	0.000591715	1.00011	0.000159925
680	0.999487	0.000591732	1.00012	0.000159858
681	0.999505	0.000591127	1.00012	0.000159735
682	0.999532	0.000590889	1.00011	0.000159618
683	0.999549	0.00059026	1.0001	0.000159478
684	0.99956	0.000589514	1.0001	0.000159248
685	0.999557	0.000588664	1.00011	0.000159029
686	0.99953	0.00058839	1.00011	0.000158991
687	0.999533	0.000587541	1.00011	0.000158767
688	0.999545	0.000586797	1.00011	0.00015857
689	0.999568	0.000586395	1.0001	0.000158486
690	0.99958	0.000585678	1.0001	0.000158294
691	0.999548	0.000585685	1.00011	0.000158263
692	0.999526	0.00058526	1.00011	0.000158101
693	0.999461	0.000588019	1.00013	0.000158818
694	0.99945	0.000587285	1.00013	0.000158632
695	0.999424	0.000587012	1.00014	0.00015859
696	0.999453	0.000586887	1.00013	0.000158498
697	0.999442	0.000586153	1.00014	0.000158296
698	0.999456	0.000585492	1.00013	0.00015809
699	0.999467	0.000584761	1.00013	0.000157897
700	0.999484	0.000584173	1.00013	0.00015774
701	0.999484	0.00058334	1.00013	0.000157515
702	0.999512	0.000583185	1.00012	0.000157435
703	0.999501	0.00058246	1.00012	0.00015725
704	0.9995	0.000581634	1.00012	0.000157027
705	0.999483	0.000581067	1.00013	0.000156889
706	0.99949	0.000580284	1.00013	0.000156668
707	0.999486	0.000579474	1.00013	0.000156454
708	0.999469	0.000578917	1.00013	0.00015632
709	0.999461	0.000578157	1.00013	0.000156106
710	0.999493	0.000578242	1.00012	0.000156244
711	0.999466	0.000578045	1.00013	0.000156223
712	0.999463	0.000577244	1.00013	0.000156004
713	0.999457	0.000576469	1.00013	0.000155788
714	0.99947	0.000575814	1.00013	0.000155611
715	0.99947	0.00057501	1.00013	0.000155396
716	0.999441	0.000574973	1.00013	0.000155345
717	0.999435	0.000574199	1.00014	0.000155183
718	0.999426	0.000573472	1.00014	0.000154968
719	0.99943	0.000572693	1.00014	0.000154754
720	0.999401	0.000572645	1.00015	0.000154737
721	0.999412	0.000571949	1.00015	0.000154524
722	0.999371	0.000572585	1.00016	0.00015467
723	0.999389	0.000572056	1.00016	0.000154485
724	0.999377	0.000571378	1.00016	0.000154337
725	0.999381	0.000570602	1.00016	0.000154129
726	0.999391	0.000569904	1.00016	0.000153935
727	0.999409	0.000569407	1.00015	0.000153837
728	0.999424	0.000568823	1.00015	0.000153658
729	0.999428	0.000568058	1.00015	0.000153451
730	0.999423	0.000567305	1.00015	0.000153248
731	0.999427	0.000566544	1.00015	0.000153039
732	0.999436	0.000565843	1.00014	0.000152849
733	0.999412	0.000565558	1.00015	0.000152729
734	0.999408	0.000564805	1.00015	0.000152546
735	0.99941	0.000564039	1.00015	0.000152348
736	0.999415	0.0005633	1.00015	0.000152164
737	0.999432	0.000562789	1.00014	0.000152032
738	0.999413	0.000562366	1.00015	0.000151952
739	0.999406	0.000561647	1.00015	0.000151769
740	0.999395	0.000560984	1.00016	0.00015159
741	0.999409	0.000560396	1.00015	0.000151446
742	0.999392	0.000559921	1.00016	0.00015131
743	0.9994	0.000559228	1.00015	0.000151135
744	0.999391	0.000558542	1.00015	0.000150939
745	0.999406	0.000557979	1.00015	0.000150822
746	0.999399	0.000557273	1.00015	0.000150646
747	0.999397	0.00055653	1.00015	0.000150445
748	0.999405	0.000555843	1.00015	0.000150252
749	0.999395	0.000555188	1.00015	0.000150074
750	0.999409	0.000554617	1.00015	0.000149978
751	0.999379	0.000554697	1.00015	0.00014996
752	0.999371	0.000554014	1.00016	0.000149765
753	0.999345	0.000553919	1.00016	0.000149654
754	0.999343	0.000553186	1.00016	0.000149456
755	0.999341	0.00055246	1.00016	0.000149274
756	0.999329	0.000551845	1.00017	0.000149127
757	0.999335	0.00055114	1.00017	0.000148936
758	0.999364	0.000551175	1.00016	0.00014895
759	0.999389	0.00055103	1.00015	0.00014899
760	0.999408	0.00055065	1.00014	0.000148939
761	0.999415	0.000549974	1.00014	0.000148763
762	0.999428	0.000549396	1.00014	0.000148599
763	0.999442	0.000548843	1.00013	0.000148447
764	0.999437	0.000548141	1.00013	0.000148258
765	0.999419	0.000547739	1.00014	0.00014821
766	0.999415	0.000547037	1.00014	0.000148025
767	0.999405	0.00054642	1.00014	0.000147845
768	0.999402	0.000545715	1.00014	0.000147653
769	0.99941	0.000545055	1.00014	0.000147475
770	0.999439	0.000545156	1.00014	0.000147437
771	0.999414	0.000545035	1.00014	0.00014748
772	0.999414	0.00054433	1.00014	0.000147291
773	0.999406	0.000543685	1.00015	0.000147108
774	0.9994	0.000543017	1.00015	0.000146931
775	0.999412	0.000542454	1.00014	0.00014677
776	0.999431	0.000542081	1.00014	0.000146619
777	0.999456	0.000541974	1.00013	0.000146636
778	0.999433	0.000541749	1.00014	0.000146559
779	0.999453	0.00054143	1.00013	0.000146484
780	0.999425	0.000541464	1.00014	0.00014654
781	0.999446	0.00054116	1.00014	0.000146493
782	0.999472	0.000541098	1.00013	0.00014644
783	0.999451	0.000540794	1.00013	0.000146348
784	0.999443	0.000540168	1.00014	0.000146193
785	0.999472	0.000540243	1.00013	0.000146258
786	0.999495	0.000540054	1.00012	0.000146236
787	0.999526	0.000540247	1.00011	0.000146261
788	0.999523	0.000539571	1.00012	0.000146077
789	0.999531	0.000538947	1.00011	0.000145902
790	0.999562	0.000539201	1.0001	0.000145991
791	0.999547	0.000538724	1.00011	0.000145883
792	0.999561	0.000538207	1.00011	0.000145743
793	0.999515	0.000539497	1.00012	0.000145995
794	0.999475	0.000540314	1.00013	0.000146116
795	0.999472	0.000539643	1.00013	0.000145932
796	0.99948	0.000539027	1.00013	0.000145752
797	0.999505	0.000538967	1.00012	0.000145699
798	0.99953	0.000538855	1.00011	0.000145612
799	0.999515	0.000538393	1.00012	0.000145485
800	0.999476	0.000539163	1.00013	0.000145711
801	0.999485	0.000538569	1.00013	0.000145543
802	0.999521	0.00053909	1.00012	0.000145623
803	0.999538	0.000538694	1.00011	0.0001455
804	0.999561	0.000538547	1.00011	0.000145477
805	0.999563	0.000537881	1.00011	0.000145296
806	0.999553	0.000537307	1.00011	0.000145135
807	0.999542	0.000536758	1.00011	0.000144981
808	0.999521	0.00053651	1.00012	0.000144958
809	0.999514	0.000535892	1.00012	0.000144812
810	0.999516	0.000535235	1.00012	0.000144636
811	0.999519	0.000534585	1.00012	0.000144458
812	0.999598	0.000539759	1.0001	0.000145717
813	0.99962	0.000539538	1.0001	0.000145631
814	0.999628	0.000538934	1.00009	0.00014546
815	0.999621	0.000538316	1.0001	0.000145288
816	0.999607	0.000537847	1.0001	0.000145158
817	0.999596	0.000537297	1.0001	0.00014499
818	0.999599	0.000536647	1.0001	0.000144818
819	0.999582	0.00053625	1.00011	0.000144739
820	0.999598	0.000535823	1.0001	0.000144649
821	0.999594	0.000535181	1.0001	0.000144479
822	0.99959	0.00053455	1.0001	0.000144304
823	0.999599	0.000533973	1.0001	0.000144165
824	0.999614	0.000533563	1.0001	0.000144026
825	0.999634	0.000533292	1.00009	0.000143916
826	0.999634	0.000532647	1.00009	0.000143744
827	0.999647	0.000532163	1.00009	0.000143614
828	0.99964	0.000531573	1.00009	0.000143442
829	0.999629	0.000531036	1.00009	0.000143321
830	0.999617	0.000530534	1.0001	0.000143205
831	0.999618	0.000529898	1.00009	0.00014304
832	0.999641	0.000529728	1.00009	0.000143015
833	0.99965	0.000529168	1.00009	0.000142852
834	0.999646	0.000528544	1.00009	0.000142693
835	0.999671	0.000528494	1.00008	0.000142665
836	0.999665	0.000527896	1.00008	0.00014251
837	0.999702	0.000528526	1.00007	0.000142717
838	0.999705	0.000527908	1.00007	0.00014255
839	0.999696	0.000527356	1.00007	0.000142397
840	0.999724	0.000527473	1.00007	0.000142446
841	0.999726	0.000526848	1.00007	0.000142277
842	0.999708	0.000526536	1.00007	0.000142177
843	0.999683	0.000526486	1.00008	0.000142127
844	0.999709	0.00052649	1.00007	0.000142059
845	0.999688	0.000526297	1.00008	0.000141981
846	0.999691	0.000525685	1.00007	0.000141826
847	0.999737	0.000527077	1.00006	0.000142276
848	0.999737	0.000526455	1.00006	0.000142108
849	0.999773	0.000527101	1.00005	0.000142278
850	0.99978	0.000526524	1.00005	0.000142119
851	0.99976	0.000526296	1.00005	0.000142055
852	0.999746	0.000525861	1.00006	0.000141909
853	0.999767	0.00052568	1.00005	0.000141866
854	0.999783	0.000525299	1.00005	0.000141787
855	0.999815	0.000525679	1.00004	0.000141886
856	0.999837	0.000525532	1.00003	0.000141831
857	0.999829	0.000524991	1.00003	0.000141678
858	0.999829	0.00052438	1.00003	0.000141523
859	0.99982	0.000523836	1.00003	0.000141376
860	0.999828	0.000523278	1.00003	0.00014122
861	0.999849	0.000523109	1.00003	0.000141169
862	0.999844	0.000522531	1.00003	0.000141005
863	0.999822	0.000522392	1.00003	0.000140979
864	0.999826	0.00052181	1.00003	0.000140816
865	0.999806	0.00052159	1.00004	0.000140769
866	0.99979	0.00052126	1.00004	0.000140721
867	0.999784	0.000520686	1.00005	0.000140559
868	0.999786	0.00052009	1.00005	0.000140404
869	0.999777	0.000519566	1.00005	0.000140252
870	0.999791	0.000519154	1.00004	0.000140172
871	0.999794	0.000518563	1.00004	0.000140015
872	0.999779	0.000518165	1.00004	0.000139868
873	0.999765	0.000517776	1.00005	0.000139747
874	0.99977	0.000517205	1.00005	0.000139596
875	0.99975	0.000517001	1.00005	0.000139523
876	0.999772	0.000516913	1.00004	0.000139515
877	0.999771	0.000516325	1.00004	0.000139356
878	0.999762	0.000515814	1.00005	0.000139204
879	0.999754	0.000515298	1.00005	0.000139068
880	0.999764	0.000514812	1.00005	0.00013895
881	0.999765	0.000514229	1.00004	0.000138798
882	0.999755	0.00051374	1.00005	0.000138677
883	0.999747	0.000513218	1.00005	0.00013854
884	0.999741	0.000512675	1.00005	0.000138385
885	0.999728	0.000512272	1.00005	0.000138242
886	0.99973	0.000511702	1.00005	0.000138095
887	0.999719	0.000511248	1.00005	0.000137985
888	0.999726	0.000510723	1.00005	0.000137855
889	0.999736	0.000510243	1.00005	0.000137722
890	0.999722	0.000509869	1.00005	0.000137633
891	0.999736	0.0005095	1.00005	0.000137533
892	0.999745	0.000509001	1.00005	0.000137404
893	0.999775	0.000509336	1.00004	0.000137473
894	0.999771	0.000508787	1.00004	0.000137325
895	0.999775	0.000508236	1.00004	0.000137173
896	0.999791	0.000507935	1.00003	0.000137122
897	0.999781	0.000507472	1.00004	0.000136971
898	0.999786	0.000506935	1.00003	0.000136835
899	0.999798	0.000506512	1.00003	0.000136705
900	0.999815	0.00050622	1.00003	0.000136616
901	0.999822	0.000505713	1.00003	0.000136471
902	0.99981	0.000505294	1.00003	0.000136376
903	0.999795	0.000504977	1.00003	0.000136323
904	0.999773	0.000504894	1.00004	0.00013631
905	0.999743	0.000505192	1.00005	0.0001364
906	0.999735	0.000504703	1.00005	0.000136264
907	0.999725	0.000504248	1.00005	0.00013613
908	0.999693	0.00050473	1.00006	0.000136288
909	0.999692	0.000504176	1.00006	0.000136138
910	0.999712	0.000503998	1.00005	0.000136171
911	0.999705	0.000503491	1.00006	0.000136034
912	0.999715	0.000503049	1.00005	0.000135898
913	0.999706	0.000502584	1.00006	0.000135769
914	0.999699	0.000502078	1.00006	0.00013565
915	0.999707	0.00050159	1.00006	0.000135532
916	0.999693	0.000501238	1.00006	0.000135393
917	0.999702	0.000500769	1.00006	0.000135262
918	0.999692	0.000500323	1.00006	0.000135123
919	0.999681	0.000499896	1.00006	0.000135016
920	0.999677	0.00049937	1.00006	0.00013489
921	0.99969	0.000498989	1.00006	0.000134761
922	0.999709	0.000498814	1.00006	0.000134744
923	0.9997	0.000498353	1.00006	0.000134616
924	0.999709	0.0004979	1.00006	0.000134473
925	0.999737	0.00049812	1.00005	0.000134564
926	0.999746	0.000497661	1.00005	0.000134421
927	0.999777	0.000498124	1.00004	0.000134506
928	0.999758	0.000497943	1.00005	0.000134461
929	0.999749	0.000497491	1.00005	0.000134334
930	0.999744	0.000496984	1.00005	0.000134203
931	0.999755	0.000496571	1.00005	0.000134086
932	0.999743	0.000496176	1.00005	0.000133975
933	0.999741	0.000495648	1.00005	0.000133831
934	0.999737	0.000495141	1.00005	0.000133689
935	0.999733	0.000494624	1.00005	0.000133549
936	0.999757	0.00049467	1.00004	0.000133573
937	0.999755	0.000494145	1.00005	0.000133436
938	0.999728	0.000494388	1.00005	0.000133478
939	0.999736	0.000493928	1.00005	0.000133343
940	0.99973	0.000493443	1.00005	0.00013321
941	0.999707	0.000493443	1.00006	0.000133219
942	0.999696	0.000493035	1.00006	0.000133115
943	0.999691	0.000492545	1.00006	0.000132992
944	0.999684	0.00049207	1.00007	0.000132857
945	0.999689	0.000491577	1.00007	0.000132718
946	0.999694	0.000491088	1.00006	0.000132592
947	0.999685	0.000490654	1.00007	0.000132493
948	0.999695	0.000490229	1.00006	0.000132375
949	0.99971	0.000489956	1.00006	0.000132303
950	0.999691	0.000489818	1.00007	0.000132295
951	0.999709	0.000489619	1.00006	0.000132219
952	0.999719	0.000489212	1.00006	0.000132096
953	0.99969	0.00048955	1.00007	0.000132187
954	0.999642	0.000491392	1.00008	0.000132602
955	0.999631	0.000490995	1.00008	0.000132476
956	0.999626	0.00049051	1.00008	0.000132348
957	0.999618	0.00049007	1.00009	0.000132219
958	0.999609	0.000489634	1.00009	0.00013209
959	0.999614	0.00048915	1.00009	0.000131954
960	0.999632	0.000488968	1.00008	0.000131891
961	0.99961	0.000488975	1.00009	0.000131857
962	0.999604	0.000488497	1.00009	0.000131722
963	0.999615	0.000488117	1.00008	0.000131623
964	0.999608	0.000487663	1.00009	0.000131495
965	0.999609	0.000487158	1.00009	0.000131359
966	0.999633	0.000487262	1.00008	0.000131418
967	0.999648	0.00048698	1.00007	0.000131347
968	0.999654	0.000486525	1.00007	0.00013125
969	0.999664	0.000486123	1.00007	0.000131137
970	0.999652	0.000485768	1.00007	0.000131048
971	0.99963	0.000485777	1.00008	0.000131023
972	0.999606	0.000485871	1.00008	0.00013102
973	0.999629	0.000485912	1.00008	0.000131033
974	0.999675	0.000487583	1.00006	0.000131507
975	0.999656	0.000487455	1.00007	0.000131438
976	0.999654	0.00048696	1.00007	0.000131304
977	0.999661	0.000486506	1.00007	0.000131183
978	0.999688	0.000486767	1.00006	0.000131312
979	0.999654	0.000487419	1.00007	0.000131562
980	0.999658	0.000486938	1.00007	0.000131429
981	0.99965	0.000486508	1.00007	0.000131312
982	0.999666	0.000486259	1.00007	0.000131233
983	0.999674	0.000485839	1.00006	0.000131129
984	0.999673	0.000485348	1.00006	0.000130999
985	0.999658	0.000485083	1.00007	0.000130919
986	0.999641	0.00048489	1.00007	0.00013088
987	0.999655	0.00048462	1.00007	0.000130833
988	0.999678	0.000484642	1.00006	0.000130816
989	0.999695	0.000484482	1.00006	0.000130738
990	0.999696	0.000483994	1.00006	0.000130608
991	0.9997	0.000483516	1.00006	0.000130477
992	0.999696	0.000483042	1.00006	0.000130348
993	0.999687	0.000482649	1.00006	0.00013023
994	0.999699	0.000482322	1.00006	0.000130138
995	0.999718	0.000482209	1.00005	0.000130087
996	0.999715	0.000481736	1.00005	0.000129972
997	0.99971	0.000481277	1.00006	0.000129866
998	0.999727	0.000481114	1.00005	0.00012983
999	0.99971	0.000480941	1.00006	0.000129776
