0.508763
0.467968
0.485684
0.539574
0.508441
0.536351
0.493419
0.453715
0.541835
0.461132
0.523436
0.515132
0.497671
0.499839
0.559324
0.46519
0.520734
0.495692
0.512923
0.560235
0.503082
0.486099
0.496009
0.507988
0.492305
0.495548
0.48621
0.500514
0.501196
0.487251
0.531528
0.508143
0.513209
0.507925
0.507836
0.458705
0.538094
0.500087
0.483733
0.496468
0.522061
0.516223
0.517119
0.51515
0.526868
0.479231
0.487886
0.49937
0.522199
0.553485
0.491076
0.51893
0.555704
0.530922
0.494898
0.470289
0.535082
0.4965
0.457976
0.489613
0.506584
0.447426
0.490193
0.441766
0.494301
0.510517
0.541517
0.469634
0.554623
0.472066
0.523188
0.538132
0.510231
0.494597
0.505619
0.487298
0.538019
0.504882
0.507413
0.548824
0.475293
0.477584
0.509854
0.510409
0.488641
0.44892
0.501247
0.502323
0.489849
0.5147
0.515495
0.55052
0.523226
0.527135
0.529274
0.470723
0.448724
0.474768
0.48219
0.457813
0.54522
0.489927
0.494281
0.504922
0.508345
0.478056
0.515261
0.496601
0.457226
0.503303
0.509859
0.510431
0.504514
0.514753
0.483633
0.501458
0.504089
0.557659
0.483648
0.483823
0.520796
0.454065
0.468376
0.483968
0.466603
0.537187
0.501199
0.50979
0.477544
0.473931
0.47189
0.460109
0.465837
0.549914
0.520455
0.558842
0.501536
0.511378
0.557694
0.478248
0.538099
0.508357
0.45687
0.445615
0.516249
0.503485
0.520859
0.587775
0.500507
0.480809
0.509145
0.477815
0.552751
0.528987
0.529055
0.478356
0.547205
0.523249
0.515587
0.495784
0.521215
0.49049
0.524225
0.489805
0.506188
0.521874
0.5511
0.512689
0.533072
0.487322
0.484886
0.462595
0.466759
0.506259
0.544794
0.475338
0.493769
0.589002
0.519052
0.488979
0.517611
0.503144
0.488227
0.505617
0.456172
0.44934
0.487787
0.524747
0.465533
0.480838
0.47426
0.502565
0.534575
0.521154
0.479376
0.481602
0.504742
0.494256
0.476554
0.525052
0.459355
0.511623
0.544129
0.440165
0.516836
0.52058
0.499674
0.495103
0.542229
0.478252
0.489802
0.473601
0.511377
0.45554
0.509828
0.491837
0.522154
0.505473
0.467649
0.471872
0.497098
0.500324
0.516235
0.52603
0.541847
0.461864
0.559095
0.506615
0.513733
0.499114
0.423103
0.505307
0.454923
0.497998
0.493039
0.516647
0.524472
0.507243
0.552249
0.469957
0.473667
0.494915
0.533774
0.50409
0.509043
0.429978
0.546334
0.539374
0.487429
0.453216
0.479543
0.481127
0.46742
0.531935
0.562724
0.469122
0.511637
0.502786
0.471707
0.477375
0.464151
0.497106
0.537977
0.508625
0.507448
0.49314
0.494551
0.507894
0.513315
0.509523
0.492959
0.509485
0.49201
0.534398
0.485704
0.521811
0.494104
0.484542
0.478576
0.464417
0.50936
0.458877
0.487191
0.471574
0.467028
0.480747
0.51214
0.506821
0.531938
0.493316
0.517109
0.48283
0.550747
0.532492
0.494358
0.480967
0.532738
0.461721
0.491924
0.494927
0.559526
0.493053
0.486937
0.502814
0.488067
0.458836
0.499398
0.512044
0.481317
0.468419
0.48083
0.491448
0.490946
0.514243
0.522138
0.564942
0.506463
0.501693
0.475092
0.50115
0.495127
0.49708
0.47177
0.513343
0.457033
0.538136
0.49637
0.494083
0.489733
0.481391
0.47374
0.498932
0.506775
0.480816
0.529016
0.503612
0.494531
0.532093
0.532739
0.468986
0.491696
0.5069
0.515822
0.508239
0.515823
0.541578
0.448751
0.460626
0.541273
0.514559
0.509384
0.436172
0.472965
0.486931
0.453731
0.485695
0.550279
0.490505
0.494089
0.530517
0.535511
0.497779
0.558901
0.526262
0.53124
0.488148
0.478726
0.515088
0.500982
0.514761
0.512678
0.510749
0.457519
0.496379
0.509726
0.490852
0.493258
0.518625
0.45922
0.500684
0.467019
0.488984
0.485021
0.482993
0.521598
0.48995
0.507607
0.46808
0.496515
0.524673
0.498535
0.488601
0.510283
0.519494
0.491634
0.493434
0.506611
0.477741
0.535293
0.524992
0.548884
0.579161
0.53024
0.544362
0.497319
0.499356
0.49716
0.498642
0.483157
0.483606
0.518557
0.514845
0.584268
0.50946
0.499203
0.534757
0.456559
0.502448
0.519583
0.56511
0.495532
0.519312
0.466678
0.487462
0.502395
0.45312
0.546486
0.532135
0.489086
0.50464
0.512642
0.520616
0.426585
0.494344
0.535523
0.45077
0.440893
0.48943
0.526193
0.529254
0.501056
0.480222
0.489594
0.5255
0.5236
0.510334
0.481327
0.561651
0.477762
0.514963
0.572418
0.472814
0.495879
0.541701
0.506432
0.522013
0.493328
0.548224
0.513326
0.544212
0.472375
0.491242
0.484394
0.533791
0.474318
0.451087
0.472695
0.529834
0.484294
0.466308
0.543338
0.493624
0.493129
0.522652
0.51799
0.482708
0.530603
0.480805
0.517989
0.475903
0.474508
0.497263
0.510442
0.523635
0.539866
0.512722
0.471662
0.507962
0.492697
0.502347
0.482349
0.516684
0.472696
0.562298
0.498867
0.475891
0.509202
0.476896
0.464999
0.475329
0.504838
0.430797
0.528557
0.51098
0.461185
0.540553
0.497221
0.489193
0.490876
0.509926
0.507981
0.526782
0.510483
0.493343
0.474558
0.491431
0.498563
0.541861
0.457176
0.476806
0.453253
0.486013
0.509068
0.496733
0.473776
0.439914
0.534078
0.512829
0.460239
0.511007
0.499749
0.519949
0.526098
0.509811
0.47026
0.513838
0.517665
0.464061
0.46359
0.485346
0.515026
0.471604
0.467292
0.475597
0.548757
0.496428
0.517241
0.46648
0.486799
0.492206
0.483733
0.470834
0.505881
0.51772
0.51932
0.506707
0.511854
0.508548
0.442739
0.530061
0.513317
0.529382
0.533331
0.520303
0.46291
0.521363
0.510301
0.453009
0.550648
0.438791
0.491218
0.494223
0.473672
0.4796
0.474109
0.480699
0.486785
0.493971
0.507539
0.520473
0.518162
0.475449
0.483039
0.478126
0.5046
0.548948
0.534264
0.49912
0.530677
0.520011
0.547261
0.517583
0.536207
0.539716
0.496203
0.511915
0.476366
0.519574
0.498986
0.572593
0.498846
0.470834
0.457052
0.516546
0.50244
0.472526
0.503817
0.532479
0.451406
0.542653
0.496071
0.491518
0.460003
0.506887
0.472743
0.477553
0.491567
0.469154
0.425383
0.481654
0.556503
0.508471
0.464752
0.534933
0.563569
0.526426
0.507896
0.514226
0.548821
0.559667
0.480064
0.53498
0.516606
0.511764
0.505859
0.445704
0.466969
0.468851
0.463995
0.47837
0.473846
0.553383
0.46003
0.529137
0.538428
0.480418
0.471447
0.533775
0.512069
0.510773
0.449479
0.542154
0.473099
0.495444
0.522017
0.486187
0.481942
0.515664
0.522014
0.525593
0.488887
0.542966
0.455734
0.475854
0.52891
0.49363
0.495229
0.532752
0.517905
0.461894
0.529424
0.517846
0.494713
0.516301
0.508178
0.469272
0.443307
0.483546
0.503697
0.492246
0.549531
0.45422
0.453678
0.513633
0.456743
0.534805
0.480557
0.494966
0.514755
0.480307
0.521231
0.508288
0.486439
0.481902
0.53164
0.479187
0.536374
0.52396
0.500573
0.471411
0.475906
0.444831
0.477079
0.527422
0.489001
0.465773
0.475853
0.549278
0.513268
0.482377
0.494987
0.49421
0.570513
0.542888
0.52043
0.54927
0.49122
0.507778
0.531572
0.509431
0.477317
0.45496
0.502295
0.5035
0.537608
0.565008
0.481876
0.482243
0.49025
0.490761
0.550127
0.523065
0.536637
0.515689
0.501132
0.495653
0.45109
0.475395
0.499964
0.522926
0.520698
0.526621
0.536757
0.521701
0.539707
0.468147
0.472503
0.507409
0.512828
0.527944
0.52096
0.547281
0.481826
0.510959
0.521026
0.516335
0.529789
0.481921
0.483981
0.560578
0.457423
0.557519
0.479947
0.53177
0.515776
0.502349
0.447955
0.498136
0.469743
0.48299
0.523992
0.485405
0.496745
0.464591
0.431397
0.512545
0.484943
0.484349
0.517992
0.466561
0.475372
0.486235
0.484313
0.470759
0.522362
0.471367
0.517316
0.520812
0.486632
0.508381
0.503942
0.493038
0.485415
0.458199
0.448912
0.469242
0.464008
0.497547
0.561115
0.502508
0.473107
0.52561
0.482988
0.518319
0.496316
0.518204
0.507241
0.475358
0.472183
0.49382
0.455311
0.540403
0.475169
0.495939
0.491924
0.441649
0.489892
0.495974
0.510129
0.46487
0.463051
0.481231
0.511194
0.43676
0.477381
0.562242
0.483723
0.549866
0.482029
0.513869
0.506377
0.52345
0.463717
0.544538
0.48858
0.464686
0.513079
0.537981
0.483574
0.504549
0.510526
0.461868
0.438198
0.522776
0.496044
0.497694
0.54378
0.506275
0.497265
0.456302
0.502502
0.525359
0.500217
0.533419
0.523618
0.502173
0.467112
0.49957
0.493903
0.485693
0.485545
0.528759
0.546702
0.51768
0.45349
0.530282
0.483965
0.513944
0.52446
0.518046
0.545625
0.525317
0.497205
0.511779
0.490711
0.50269
0.494334
0.514496
0.474568
0.480502
0.514217
0.5206
0.496545
0.473051
0.460563
0.458995
0.502544
0.507996
0.494033
0.475582
0.466798
0.51144
0.530272
0.459512
0.517252
0.498959
0.558729
0.447581
0.558913
0.466943
0.536646
0.511126
0.459571
0.46865
0.542587
0.469815
0.532234
0.469319
0.443882
0.50669
0.508671
0.494737
0.482367
0.568844
0.488437
0.537629
0.442779
0.568115
0.487746
0.466238
0.518204
0.466157
0.502577
0.54949
0.476935
0.528276
0.480381
0.503089
0.505121
0.5104
0.484766
0.510953
0.469583
0.493552
0.517539
0.516331
0.515173
0.49022
0.46247
0.527004
0.521046
0.486978
0.495169
0.438926
0.450221
0.52774
0.523433
0.432694
0.476818
0.492034
0.542449
0.507203
0.47532
0.562651
0.519229
0.45489
0.476269
0.547055
0.550645
0.422913
0.492738
0.506935
0.469439
0.524656
0.521978
0.480259
0.482598
0.52593
0.456603
0.540215
0.526445
0.470251
0.519689
0.545413
0.492839
0.477559
0.548169
0.515723
0.500857
0.580763
0.528889
0.468116
0.538323
0.534481
0.551709
0.526899
0.487568
0.490356
0.504018
0.532703
0.489794
0.473315
0.511037
0.494609
0.502419
0.453152
0.496297
0.519784
0.54377
0.475811
0.506647
0.544998
0.529508
0.468734
0.516186
0.524404
0.475157
0.494664
0.453484
0.457955
0.49911
0.468269
0.526464
0.464824
0.520487
0.509956
0.479337
0.456214
0.476227
0.501268
0.475937
0.50193
0.511777
0.476219
0.48386
0.515075
0.479764
0.542959
0.513765
0.52927
0.50102
0.460128
0.498211
0.462748
0.53233
0.55229
0.474421
0.523712
0.495294
0.568813
0.485325
0.521328
0.520659
0.530562
0.453274
0.536727
0.432505
0.528804
0.490802
0.478391
0.506663
0.580673
0.502791
0.486299
0.487739
0.475592
0.524434
0.449213
0.479107
0.497007
0.519367
0.489461
0.530262
0.563825
0.472339
0.489621
0.505904
0.495926
0.50079
0.505451
0.521121
0.508115
0.529736
0.529461
0.497048
0.496905
0.534309
0.459496
0.551389
0.454488
0.494339
0.456697
0.478157
0.524284
0.515352
0.497227
0.451024
0.472441
0.510369
0.512132
0.50465
0.499644
0.50685
0.509706
0.498357
0.537638
0.523204
0.524752
0.506546
0.50481
0.509194
0.549089
0.550203
0.535225
0.524647
0.537703
0.543892
0.505481
0.450819
0.494908
0.532601
0.523766
0.448814
0.524884
0.51281
0.49548
0.549407
0.520984
0.492173
0.479813
0.518661
0.488169
0.532169
0.461635
0.513718
0.502957
0.498114
0.453095
0.473119
0.515255
0.490893
0.519281
0.47605
0.466448
0.414805
0.502334
0.514869
0.538131
0.465878
0.468385
0.545314
0.485841
0.515045
0.491684
0.498733
0.452179
0.480545
0.450305
0.520747
0.543693
0.483921
0.547797
0.460692
0.515892
0.454014
0.49516
0.456236
0.52077
0.503289
0.517513
0.517529
0.471221
0.500906
0.52984
0.545278
0.476704
0.506887
0.536179
0.547103
0.50455
0.481764
0.456632
0.466564
0.511276
0.506078
0.516582
0.439233
0.518288
0.504108
0.462469
0.460176
0.536331
0.486205
0.498523
0.487226
0.513093
0.494103
0.508814
0.524428
0.508304
0.493583
0.499002
0.500015
0.480721
0.478866
0.502158
0.553314
0.491385
0.483109
0.523033
0.474929
0.537493
0.499384
0.51515
0.504597
0.511302
0.5265
0.475089
0.481087
0.488395
0.484069
0.508351
0.468507
0.489728
0.511157
0.491163
0.493415
0.451798
0.502931
0.46261
0.507078
0.479321
0.569648
0.53146
0.497292
0.484805
0.532378
0.482067
0.5241
0.569373
0.459826
0.443714
0.513817
0.489224
0.490639
0.477784
0.485704
0.522105
0.485561
0.507125
0.545702
0.488164
0.463817
0.451992
0.501564
0.50957
0.468105
0.506928
0.483792
0.493256
0.502561
0.502975
0.476732
0.521187
0.498081
0.53958
0.464209
0.522499
0.509368
0.46057
0.484089
0.501905
0.47809
0.508579
0.486117
0.518733
0.496507
0.492295
0.467433
0.49098
0.455955
0.510902
0.480121
0.498738
0.474566
0.530101
0.465179
0.531392
0.488577
0.444071
0.487279
0.562949
0.501632
0.527754
0.514692
0.529873
0.466426
0.533843
0.518752
0.51581
0.513087
0.518833
0.527243
0.547569
0.498653
0.492527
0.546069
0.48674
0.472035
0.49536
0.523593
0.481323
0.508827
0.477922
0.502021
0.481735
0.54035
0.517054
0.520194
0.495587
0.501296
0.512886
0.512179
0.455585
0.470352
0.471207
0.506022
0.524951
0.558176
0.495522
0.51704
0.524722
0.457105
0.483188
0.520035
0.497308
0.496962
0.419996
0.534793
0.530693
0.511345
0.477572
0.529253
0.497634
0.498767
0.487979
0.524713
0.444256
0.533028
0.51989
0.487461
0.502398
0.507183
0.480709
0.431182
0.500101
0.475503
0.50901
0.494546
0.524599
0.487769
0.521681
0.478327
0.482198
0.520315
0.550136
0.506447
0.509419
0.538161
0.539969
0.485296
0.439767
0.472629
0.548441
0.51574
0.490516
0.488813
0.494158
0.492146
0.533877
0.497278
0.483318
0.502843
0.486925
0.534358
0.506914
0.456362
0.474663
0.505439
0.513254
0.467846
0.510595
0.495592
0.500176
0.570003
0.469181
0.511934
0.56134
0.52297
0.504552
0.482093
0.470966
0.51747
0.469869
0.503153
0.561392
0.485643
0.481677
0.495451
0.467833
0.503899
0.483654
0.545603
0.504709
0.452211
0.454118
0.523135
0.517921
0.454177
0.501666
0.545087
0.457449
0.502266
0.463325
0.49298
0.494652
0.522591
0.469589
0.4665
0.558631
0.483606
0.53071
0.458296
0.526049
0.513092
0.478631
0.464253
0.508765
0.497809
0.568926
0.493611
0.533672
0.500189
0.477121
0.463327
0.499103
0.516446
0.463782
0.511027
0.492185
0.460472
0.532731
0.510945
0.491518
0.477909
0.476776
0.497212
0.549547
0.48475
0.495322
0.488872
0.499007
0.444866
0.498249
0.521008
0.527823
0.470821
0.530416
0.49634
0.516818
0.492346
0.561178
0.491675
0.544633
0.506868
0.493292
0.513597
0.514205
0.46644
0.455577
0.467746
0.505208
0.525475
0.463711
0.506084
0.476802
0.483636
0.463537
0.486517
0.545088
0.498273
0.521257
0.489234
0.51963
0.470773
0.524881
0.524163
0.483432
0.551204
0.511314
0.473895
0.520725
0.495622
0.453451
0.536469
0.546962
0.56042
0.501658
0.502381
0.525385
0.558094
0.434015
0.470197
0.494528
0.528799
0.539685
0.535147
0.491056
0.53207
0.479804
0.485071
0.522294
0.493088
0.52025
0.468091
0.45283
0.447856
0.480669
0.536391
0.509561
0.501671
0.504144
0.520473
0.499573
0.495263
0.461865
0.538267
0.475202
0.512967
0.517189
0.53347
0.50068
0.457319
0.483461
0.487486
0.514727
0.504442
0.459961
0.48935
0.483453
0.494593
0.500374
0.497997
0.527977
0.552258
0.558134
0.471269
0.5211
0.490156
0.55303
0.48602
0.527438
0.531539
0.483453
0.4637
0.491369
0.465157
0.538644
0.465791
0.487181
0.507263
0.475333
0.523478
0.525794
0.525035
0.533134
0.535916
0.512426
0.505787
0.483076
0.471479
0.479581
0.506347
0.493649
0.466364
0.489736
0.506981
0.468722
0.484919
0.522103
0.484223
0.501736
0.496077
0.51783
0.517005
0.500519
0.510275
0.508033
0.480449
0.537118
0.471209
0.519022
0.511699
0.487017
0.46684
0.489096
0.502173
0.502107
0.513985
0.49129
0.4706
0.511796
0.500895
0.486444
0.501233
0.506633
0.51219
0.480965
0.511589
0.518807
0.540511
0.493665
0.534119
0.483911
0.489285
0.506045
0.526157
0.538344
0.560968
0.470403
0.482547
0.506718
0.515138
0.490137
0.5053
0.503647
0.470814
0.536619
0.494672
0.534306
0.507389
0.537022
0.546035
0.468114
0.468531
0.477463
0.496912
0.519935
0.44344
0.505846
0.55855
0.523156
0.50984
0.528779
0.476412
0.499033
0.523063
0.506933
0.513963
0.516664
0.455624
0.483233
0.514116
0.467978
0.52164
0.45823
0.522724
0.502106
0.53048
0.557066
0.498482
0.463511
0.554023
0.442368
0.523629
0.528253
0.491889
0.497473
0.509806
0.412766
0.479025
0.514353
0.523465
0.539519
0.530022
0.500604
0.485183
0.453933
0.514529
0.499886
0.497278
0.496938
0.488158
0.51019
0.494083
0.467538
0.513226
0.464296
0.499267
0.519758
0.45374
0.466804
0.504564
0.458356
0.468978
0.502113
0.494302
0.457664
0.490048
0.517728
0.520095
0.557943
0.533805
0.537252
0.490071
0.493623
0.498495
0.467465
0.50702
0.517797
0.495498
0.493834
0.46984
0.487358
0.441557
0.508862
0.522633
0.543139
0.495854
0.497621
0.445857
0.479443
0.53632
0.494864
0.483886
0.517326
0.549542
0.518085
0.483363
0.486025
0.498655
0.510894
0.42672
0.556883
0.503586
0.461099
0.485239
0.464171
0.47802
0.547853
0.486024
0.497162
0.487481
0.51225
0.547274
0.477841
0.462881
0.515748
0.526211
0.458627
0.513929
0.52078
0.484058
0.48448
0.466765
0.507947
0.462427
0.533763
0.4802
0.464152
0.485501
0.482245
0.474933
0.496058
0.452381
0.49461
0.550122
0.533242
0.453976
0.49785
0.491681
0.455425
0.538803
0.500922
0.516689
0.538149
0.502088
0.525035
0.498264
0.461266
0.492523
0.438952
0.535304
0.464643
0.491069
0.543668
0.491446
0.555418
0.526177
0.48086
0.477636
0.511224
0.469793
0.509461
0.472675
0.483718
0.478539
0.514749
0.506113
0.466817
0.484423
0.53432
0.517882
0.464005
0.459477
0.545321
0.479026
0.459084
0.498677
0.527316
0.477909
0.50475
0.535534
0.535165
0.506277
0.473367
0.474724
0.536283
0.479553
0.514307
0.516134
0.506664
0.50573
0.49225
0.5047
0.460037
0.537246
0.510791
0.550412
0.534529
0.490208
0.545755
0.492855
0.471222
0.515352
0.492581
0.504672
0.538959
0.495098
0.572152
0.538317
0.529789
0.481093
0.489449
0.500468
0.489424
0.506596
0.519402
0.498489
0.517081
0.5081
0.484312
0.483306
0.499077
0.460559
0.527223
0.503068
0.540566
0.500584
0.53561
0.501981
0.489784
0.542002
0.529777
0.488683
0.579177
0.518139
0.520309
0.498529
0.507788
0.465206
0.49899
0.564172
0.489284
0.541166
0.537529
0.47881
0.559988
0.514454
0.54849
0.48647
0.521295
0.476923
0.492796
0.493712
0.530852
0.455397
0.518173
0.487126
0.526871
0.4462
0.472923
0.500985
0.479951
0.497038
0.519392
0.479453
0.516781
0.480616
0.521509
0.517695
0.530114
0.484346
0.500775
0.486291
0.479365
0.520549
0.515069
0.493304
0.47622
0.501494
0.514662
0.478402
0.519636
0.513681
0.409788
0.52338
0.494598
0.485717
0.474175
0.52349
0.459003
0.504176
0.528894
0.483924
0.493068
0.501807
0.510904
0.445844
0.515611
0.482477
0.530669
0.536327
0.541598
0.467216
0.523226
0.506604
0.55532
0.525735
0.507069
0.462955
0.463586
0.497803
0.415241
0.514658
0.513297
0.478853
0.502982
0.513347
0.477775
0.474188
0.556343
0.45816
0.526239
0.546167
0.506104
0.481056
0.54078
0.498744
0.511406
0.476671
0.505222
0.49374
0.527442
0.541095
0.460251
0.553208
0.511602
0.52393
0.509168
0.502291
0.472442
0.548025
0.508658
0.486918
0.53584
0.521247
0.498945
0.480743
0.522741
0.504662
0.487699
0.465677
0.492832
0.481521
0.512089
0.4504
0.508549
0.471399
0.573333
0.521236
0.533783
0.533884
0.468147
0.509742
0.521647
0.486173
0.501441
0.551412
0.475706
0.51897
0.524656
0.479854
0.459016
0.50504
0.544109
0.470822
0.515365
0.444808
0.503729
0.510476
0.517092
0.45338
0.516539
0.542246
0.493839
0.513341
0.509287
0.526674
0.466642
0.487733
0.494579
0.548613
0.531709
0.527567
0.544899
0.446145
0.498269
0.528251
0.542888
0.465615
0.484878
0.519312
0.572258
0.507136
0.478537
0.451781
0.543716
0.464945
0.511012
0.547621
0.470274
0.466999
0.516727
0.48557
0.476315
0.478157
0.4866
0.457775
0.544798
0.461362
0.492211
0.581596
0.526971
0.581155
0.484651
0.530939
0.488967
0.533932
0.50246
0.461525
0.489666
0.489303
0.533002
0.534427
0.524179
0.496918
0.451667
0.562292
0.47736
0.443166
0.493267
0.492595
0.541686
0.48208
0.470005
0.452307
0.563904
0.504869
0.440395
0.508363
0.544815
0.512406
0.4835
0.488285
0.526566
0.495087
0.522866
0.525355
0.551821
0.50441
0.534536
0.522701
0.529201
0.510656
0.483501
0.520671
0.529352
0.471057
0.522984
0.471877
0.546026
0.502808
0.480908
0.478277
0.456547
0.455314
0.507953
0.474679
0.486034
0.476037
0.411543
0.483027
0.499761
0.474323
0.48017
0.471858
0.498027
0.547585
0.482403
0.505303
0.527908
0.474205
0.464981
0.565996
0.486275
0.497554
0.494341
0.516286
0.478436
0.525478
0.50598
0.472097
0.526801
0.499644
0.486004
0.533849
0.543919
0.519112
0.459261
0.528783
0.484288
0.502513
0.498404
0.529076
0.439285
0.483202
0.488297
0.500133
0.519617
0.501768
0.450102
0.463405
0.509655
0.510269
0.449444
0.498137
0.518022
0.512574
0.443027
0.496396
0.488822
0.475182
0.528065
0.495774
0.447876
0.482894
0.508916
0.514126
0.528343
0.493712
0.475286
0.470723
0.470102
0.537348
0.51638
0.468204
0.507265
0.471703
0.545375
0.529687
0.488204
0.531704
0.478592
0.425422
0.482464
0.464873
0.48374
0.523359
0.498929
0.517989
0.501606
0.498014
0.519626
0.509241
0.515564
0.471992
0.503547
0.550224
0.513293
0.494558
0.504838
0.522172
0.495052
0.501615
0.469766
0.460789
0.542912
0.521488
0.496809
0.464058
0.48531
0.500858
0.484261
0.43741
0.561295
0.465244
0.45972
0.480613
0.488851
0.498407
0.525837
0.49077
0.521666
0.475034
0.506697
0.475797
0.52872
0.521092
0.529211
0.482748
0.511079
0.456231
0.513899
0.545373
0.490248
0.512587
0.479421
0.49528
0.512486
0.504392
0.475252
0.491074
0.483429
0.522741
0.516862
0.489847
0.517424
0.509901
0.517785
0.475404
0.525924
0.467538
0.502942
0.477586
0.499336
0.523236
0.527607
0.487069
0.52669
0.469676
0.506372
0.470029
0.517505
0.460865
0.526504
0.467019
0.50023
0.479772
0.540066
0.550465
0.441624
0.501763
0.509159
0.455127
0.511471
0.508194
0.558686
0.475926
0.516983
0.504554
0.510997
0.507488
0.481273
0.497517
0.536792
0.539801
0.490287
0.465286
0.486662
0.484344
0.472547
0.475605
0.487633
0.505073
0.506097
0.545815
0.489107
0.498634
0.507018
0.479316
0.48255
0.46818
0.483893
0.502832
0.509322
0.505167
0.532594
0.518833
0.511015
0.533503
0.505764
0.487502
0.516676
0.500425
0.411376
0.522619
0.541289
0.438479
0.504729
0.455733
0.499892
0.502984
0.498281
0.483001
0.491704
0.479338
0.533669
0.519071
0.51864
0.474567
0.4803
0.552374
0.482576
0.487464
0.514898
0.486218
0.505762
0.541717
0.486369
0.500033
0.498735
0.516384
0.510355
0.565175
0.560119
0.518099
0.467878
0.519628
0.532687
0.50938
0.502414
0.446011
0.510058
0.507421
0.489798
0.527244
0.518398
0.437726
0.475326
0.514256
0.487515
0.526987
0.462429
0.530111
0.495702
0.529549
0.487289
0.454922
0.49273
0.50187
0.493785
0.475932
0.475335
0.47932
0.503132
0.517141
0.519601
0.449716
0.492592
0.502839
0.424597
0.467961
0.487635
0.48944
0.47165
0.49616
0.481918
0.509975
0.533631
0.493587
0.559467
0.475631
0.498621
0.470886
0.533425
0.498701
0.522338
0.522867
0.525752
0.53133
0.503703
0.524294
0.482247
0.504424
0.487908
0.503009
0.507262
0.501101
0.521377
0.504804
0.512495
0.489056
0.452979
0.534376
0.514226
0.506224
0.495884
0.46678
0.55338
0.484095
0.514422
0.51372
0.502779
0.553089
0.530327
0.469079
0.475973
0.494328
0.542749
0.478046
0.432019
0.532214
0.536388
0.474226
0.500576
0.532165
0.51215
0.459099
0.531704
0.457891
0.464678
0.528214
0.544729
0.492595
0.50115
0.568478
0.520563
0.458451
0.485707
0.49093
0.521838
0.498764
0.453893
0.453369
0.495241
0.467158
0.55148
0.447203
0.550424
0.478186
0.442051
0.532911
0.519858
0.533731
0.467721
0.498478
0.514008
0.47957
0.497361
0.495183
0.506207
0.516484
0.546717
0.525119
0.501605
0.540277
0.49478
0.474815
0.494562
0.535095
0.530793
0.529333
0.52886
0.474402
0.546272
0.521225
0.445123
0.504003
0.496405
0.508716
0.489797
0.48148
0.475217
0.547485
0.490083
0.496421
0.498864
0.460433
0.529195
0.575814
0.461444
0.479801
0.486312
0.498983
0.547683
0.516014
0.485598
0.466438
0.536891
0.557634
0.528678
0.487015
0.452545
0.476782
0.494933
0.487689
0.511889
0.50443
0.493987
0.480421
0.469906
0.4999
0.514773
0.470421
0.54207
0.508987
0.515545
0.510209
0.540211
0.475047
0.509208
0.493832
0.515906
0.447441
0.548351
0.535631
0.505743
0.531717
0.554349
0.46792
0.502859
0.515878
0.514912
0.531953
0.439095
0.457146
0.544459
0.526565
0.542176
0.503568
0.541685
0.508845
0.492266
0.454859
0.518703
0.451235
0.48229
0.536836
0.496138
0.509407
0.476383
0.503847
0.478529
0.535318
0.470856
0.49354
0.514446
0.479803
0.512046
0.448366
0.505665
0.509076
0.485415
0.538188
0.509801
0.489537
0.510303
0.488361
0.490754
0.505228
0.474672
0.547675
0.541359
0.492344
0.544245
0.510518
0.492603
0.485153
0.480407
0.497646
0.453797
0.497709
0.411227
0.509934
0.48806
0.545727
0.50001
0.509479
0.52751
0.513008
0.515715
0.512425
0.452521
0.53677
0.469643
0.527903
0.459427
0.48628
0.472757
0.507441
0.521054
0.499138
0.528016
0.509232
0.514444
0.50962
0.462084
0.511625
0.470153
0.49342
0.490806
0.490228
0.507497
0.523195
0.502823
0.49298
0.540118
0.499272
0.505684
0.507588
0.49625
0.539891
0.498855
0.475676
0.548055
0.505375
0.477978
0.518057
0.504409
0.540579
0.504775
0.485468
0.591506
0.560014
0.476953
0.499166
0.525665
0.520009
0.512499
0.455751
0.552701
0.522286
0.512728
0.450591
0.468255
0.48333
0.438477
0.52423
0.513435
0.513927
0.5038
0.526144
0.52016
0.513233
0.521547
0.480227
0.550574
0.481772
0.485211
0.506384
0.524911
0.557716
0.481402
0.482598
0.532178
0.510835
0.527331
0.531854
0.508038
0.508485
0.477687
0.508287
0.484261
0.518015
0.545263
0.476942
0.534129
0.539964
0.449723
0.481501
0.49816
0.526425
0.52888
0.444372
0.484526
0.528947
0.546853
0.493507
0.488548
0.510354
0.453487
0.530314
0.485635
0.544858
0.469412
0.56306
0.532051
0.480838
0.5811
0.500118
0.50787
0.550653
0.500324
0.48745
0.516512
0.551878
0.522357
0.514685
0.485218
0.514331
0.517326
0.474181
0.440859
0.507261
0.469055
0.517444
0.505427
0.411083
0.495812
0.543266
0.485615
0.458022
0.497304
0.541973
0.540826
0.566058
0.482307
0.550152
0.494023
0.540523
0.511315
0.48023
0.469761
0.477756
0.538562
0.499277
0.503799
0.485158
0.547811
0.47142
0.518661
0.49205
0.496276
0.508233
0.50951
0.485687
0.551054
0.521478
0.504732
0.536825
0.482441
0.512577
0.515579
0.46919
0.508511
0.543186
0.449269
0.47725
0.51532
0.511249
0.439907
0.526647
0.557135
0.516906
0.521598
0.47167
0.481035
0.462625
0.508135
0.524146
0.490276
0.501945
0.493639
0.538124
0.510794
0.501189
0.488513
0.514716
0.435212
0.528541
0.5051
0.531491
0.538738
0.494836
0.507409
0.470777
0.481313
0.510475
0.45929
0.481256
0.500409
0.442795
0.475434
0.487227
0.478821
0.488311
0.499562
0.499905
0.471851
0.534178
0.504196
0.445144
0.468259
0.523256
0.496373
0.481943
0.509329
0.497157
0.483678
0.516121
0.490469
0.521645
0.454981
0.533536
0.479676
0.498762
0.470241
0.457216
0.49727
0.550059
0.543757
0.482783
0.501263
0.505307
0.485249
0.536542
0.502737
0.501058
0.503124
0.560609
0.515602
0.483439
0.474327
0.489463
0.495119
0.489545
0.495127
0.512279
0.499559
0.531813
0.547236
0.525433
0.509366
0.499752
0.493619
0.529547
0.458208
0.473393
0.498376
0.495448
0.480291
0.512854
0.495077
0.473421
0.488299
0.558374
0.457914
0.490128
0.506354
0.505205
0.500048
0.517561
0.492353
0.477734
0.543537
0.528423
0.464071
0.507202
0.485204
0.52229
0.46339
0.49741
0.452831
0.486945
0.473049
0.462769
0.526044
0.519247
0.500268
0.503093
0.496282
0.519922
0.481643
0.509474
0.480201
0.466646
0.483661
0.535658
0.530906
0.429782
0.463243
0.51926
0.471385
0.515177
0.532652
0.507212
0.504501
0.488356
0.53318
0.419815
0.51395
0.524521
0.481956
0.487768
0.520523
0.508709
0.506266
0.466553
0.548082
0.490494
0.469765
0.472545
0.453593
0.477601
0.484943
0.445229
0.515617
0.502817
0.516224
0.489893
0.515621
0.488562
0.498079
0.485176
0.50648
0.513507
0.492523
0.509844
0.512561
0.485601
0.500368
0.483168
0.505749
0.455897
0.530619
0.503284
0.47179
0.477537
0.532369
0.507905
0.521347
0.544281
0.543588
0.501757
0.500108
0.492954
0.501165
0.485128
0.452359
0.51418
0.50659
0.487885
0.532367
0.525784
0.451643
0.503354
0.507969
0.483236
0.518468
0.506422
0.480726
0.49151
0.508408
0.500242
0.527028
0.492732
0.513972
0.505925
0.544525
0.474
0.498316
0.539575
0.568245
0.489735
0.536604
0.511058
0.570793
0.532961
0.513633
0.478875
0.520997
0.519864
0.512088
0.515512
0.535371
0.492023
0.475816
0.517643
0.506778
0.550683
0.53247
0.495561
0.464667
0.497441
0.529927
0.446217
0.501257
0.485723
0.510835
0.50423
0.568036
0.477428
0.509666
0.50526
0.486972
0.489118
0.54666
0.456099
0.49078
0.472113
0.463027
0.475874
0.496646
0.490884
0.49178
0.532726
0.447774
0.484117
0.468585
0.490338
0.507124
0.482804
0.526988
0.5187
0.487726
0.499766
0.472407
0.493468
0.463943
0.484951
0.499256
0.558311
0.468049
0.520914
0.515581
0.474604
0.526517
0.532828
0.539579
0.532853
0.560365
0.517408
0.522379
0.510225
0.533959
0.54514
0.501452
0.498549
0.456635
0.510161
0.439041
0.507183
0.531516
0.502188
0.499962
0.505098
0.545908
0.464862
0.503182
0.49657
0.507636
0.464883
0.521512
0.504852
0.521704
0.506308
0.483828
0.498199
0.481659
0.494394
0.514165
0.502618
0.440014
0.523357
0.502076
0.505723
0.462133
0.482415
0.498622
0.506076
0.487927
0.52451
0.492375
0.492367
0.535753
0.512058
0.489809
0.516837
0.502884
0.474121
0.444439
0.497292
0.486927
0.499371
0.489108
0.53211
0.482559
0.48922
0.485777
0.502585
0.507967
0.505485
0.4872
0.49701
0.495355
0.526978
0.524857
0.530865
0.509903
0.459379
0.467532
0.497475
0.50154
0.582781
0.514886
0.513528
0.553925
0.481273
0.540424
0.583821
0.434993
0.47894
0.528221
0.519604
0.553448
0.506651
0.50778
0.494913
0.485585
0.474021
0.511403
0.495246
0.506802
0.490901
0.488442
0.542971
0.552185
0.5528
0.510816
0.493841
0.450547
0.554584
0.544158
0.498986
0.476281
0.496847
0.498973
0.496751
0.533414
0.509327
0.496181
0.498777
0.486237
0.525729
0.501421
0.51467
0.490872
0.534344
0.492489
0.549663
0.492174
0.51884
0.47428
0.489616
0.510316
0.453579
0.48563
0.507762
0.491465
0.517863
0.502399
0.497541
0.586883
0.473469
0.521201
0.53592
0.47487
0.489845
0.47814
0.551567
0.489893
0.511348
0.496934
0.482253
0.483287
0.510905
0.52079
0.535853
0.489914
0.494456
0.522426
0.499331
0.495128
0.450568
0.496592
0.540077
0.526453
0.559587
0.449483
0.52397
0.544322
0.456714
0.509407
0.45455
0.516271
0.513358
0.483091
0.477662
0.488948
0.481168
0.481995
0.535957
0.512324
0.5531
0.473013
0.517622
0.540479
0.495899
0.517928
0.503713
0.513327
0.468377
0.516011
0.488464
0.51367
0.479853
0.504121
0.506955
0.503946
0.493134
0.478694
0.474501
0.477052
0.526412
0.513992
0.482153
0.515611
0.508458
0.540986
0.522669
0.494066
0.531471
0.501248
0.501346
0.507962
0.515979
0.480228
0.486076
0.444814
0.502147
0.524291
0.481006
0.500908
0.541883
0.515893
0.53818
0.468436
0.486106
0.491255
0.511526
0.497319
0.501557
0.494938
0.507585
0.496112
0.451525
0.545664
0.517329
0.546346
0.494862
0.497776
0.533469
0.504696
0.477669
0.472714
0.457608
0.527354
0.502019
0.514867
0.43163
0.50096
0.536097
0.476189
0.497688
0.534494
0.540132
0.483947
0.511167
0.476479
0.492495
0.475986
0.531013
0.47189
0.510334
0.487868
0.491773
0.53313
0.479131
0.516281
0.521757
0.539456
0.475547
0.503075
0.541663
0.479223
0.457935
0.484311
0.508064
0.489334
0.518887
0.468699
0.526124
0.516251
0.524208
0.549783
0.505909
0.492963
0.542672
0.53628
0.52669
0.516269
0.480949
0.464908
0.523584
0.468765
0.498072
0.490115
0.50094
0.529897
0.463816
0.505059
0.516812
0.530466
0.555376
0.448228
0.522925
0.51495
0.496703
0.510061
0.504484
0.506031
0.564885
0.493966
0.494216
0.465687
0.497946
0.55609
0.495019
0.487233
0.52843
0.508224
0.475581
0.45269
0.477157
0.518219
0.463358
0.489842
0.471517
0.512288
0.509281
0.533371
0.482679
0.513566
0.538567
0.50444
0.496095
0.471307
0.502
0.493095
0.489666
0.535087
0.532081
0.457863
0.48395
0.488394
0.46839
0.536933
0.508789
0.54598
0.486564
0.535266
0.530721
0.519342
0.475248
0.472044
0.455567
0.504721
0.485398
0.46281
0.510548
0.497975
0.476316
0.540676
0.500327
0.520723
0.482791
0.510984
0.491337
0.542115
0.417707
0.473791
0.498778
0.530619
0.494519
0.528541
0.520654
0.510185
0.48395
0.515321
0.483223
0.455175
0.539287
0.477061
0.472245
0.508425
0.49467
0.537048
0.444388
0.466819
0.510715
0.49615
0.483179
0.478743
0.511886
0.534101
0.503876
0.507804
0.449951
0.479245
0.521617
0.497181
0.477935
0.561089
0.487252
0.538989
0.518909
0.530063
0.455203
0.47302
0.454022
0.52885
0.527746
0.519252
0.53413
0.519662
0.470085
0.488492
0.449398
0.521835
0.480586
0.525522
0.51127
0.474131
0.530559
0.499137
0.491152
0.496103
0.497953
0.503438
0.500213
0.522909
0.539337
0.494764
0.474647
0.467955
0.53456
0.488632
0.480807
0.557722
0.508438
0.471057
0.544557
0.423184
0.493864
0.508642
0.539228
0.48215
0.53071
0.511791
0.486555
0.486954
0.454891
0.535443
0.474966
0.541817
0.491972
0.52168
0.519602
0.514303
0.489694
0.458607
0.438436
0.485206
0.493783
0.499851
0.498877
0.501271
0.471436
0.549087
0.509219
0.495101
0.506835
0.463936
0.499326
0.496651
0.513093
0.493627
0.55492
0.490651
0.484973
0.524798
0.509838
0.42437
0.476788
0.469796
0.500659
0.55006
0.529835
0.471876
0.548042
0.486489
0.463745
0.561646
0.519181
0.513905
0.496126
0.529157
0.565732
0.456835
0.49487
0.475997
0.521595
0.509073
0.497506
0.511771
0.524923
0.485248
0.521959
0.479346
0.478735
0.503329
0.503113
0.563217
0.464514
0.552464
0.469527
0.465402
0.523147
0.460505
0.454703
0.493204
0.507602
0.495616
0.487263
0.503244
0.471703
0.476317
0.464421
0.526126
0.449393
0.494362
0.473117
0.536107
0.508836
0.504803
0.543195
0.490159
0.495762
0.487637
0.486998
0.530788
0.480405
0.495391
0.489752
0.536983
0.472425
0.561034
0.495112
0.487683
0.50818
0.540587
0.550262
0.472123
0.474734
0.494803
0.474913
0.461444
0.444956
0.504293
0.458609
0.465931
0.508109
0.542481
0.440687
0.522268
0.480288
0.540746
0.547283
0.485173
0.519084
0.490146
0.509756
0.477798
0.536856
0.514083
0.518898
0.485256
0.506981
0.496293
0.529312
0.505665
0.497452
0.508532
0.528335
0.463072
0.486213
0.462336
0.48387
0.476642
0.50259
0.469227
0.475515
0.530473
0.499205
0.47374
0.523351
0.528432
0.508744
0.51365
0.498785
0.518365
0.519948
0.451769
0.511787
0.510074
0.457213
0.483694
0.478943
0.531427
0.478169
0.505869
0.486653
0.516978
0.523606
0.508356
0.523881
0.513467
0.534136
0.486667
0.47882
0.486587
0.437953
0.517051
0.503848
0.523382
0.514077
0.499599
0.493143
0.484656
0.525446
0.46355
0.47735
0.501764
0.446237
0.529166
0.549658
0.512166
0.487798
0.530553
0.487666
0.478116
0.417546
0.483809
0.43542
0.522856
0.475231
0.514869
0.56999
0.478702
0.490921
0.501414
0.496958
0.491381
0.469091
0.49324
0.509203
0.485015
0.463194
0.475438
0.483351
0.4921
0.495081
0.558778
0.478263
0.50288
0.523657
0.501663
0.479942
0.50848
0.467128
0.57803
0.527227
0.502169
0.49324
0.545574
0.472661
0.493135
0.501864
0.468669
0.53289
0.47715
0.49431
0.460361
0.522987
0.478483
0.523745
0.47781
0.46906
0.48746
0.501095
0.48555
0.463528
0.488028
0.480786
0.520951
0.477444
0.499701
0.460734
0.476251
0.524224
0.488274
0.53092
0.511536
0.489174
0.459662
0.504954
0.48304
0.47918
0.491257
0.488989
0.501146
0.526943
0.535163
0.512366
0.502459
0.464124
0.4777
0.464357
0.480319
0.507782
0.489531
0.531393
0.508147
0.434484
0.460807
0.459143
0.509982
0.516447
0.495693
0.513818
0.49259
0.444099
0.50066
0.497087
0.503524
0.509437
0.4809
0.508961
0.499501
0.484544
0.459263
0.443038
0.529483
0.489646
0.492072
0.508475
0.496823
0.535091
0.566198
0.513061
0.494862
0.49162
0.481772
0.511774
0.470353
0.55329
0.544907
0.545181
0.48907
0.587459
0.4948
0.532082
0.508002
0.496171
0.529602
0.510741
0.498486
0.483335
0.485416
0.503108
0.494667
0.492077
0.472803
0.476389
0.49165
0.506628
0.515186
0.466345
0.517734
0.493124
0.483493
0.486694
0.44508
0.543705
0.501456
0.518994
0.453212
0.538276
0.475902
0.497379
0.51971
0.468306
0.496445
0.482519
0.472479
0.477053
0.47892
0.459188
0.497958
0.540566
0.54697
0.451813
0.539662
0.483865
0.446128
0.472368
0.481412
0.436657
0.494791
0.485006
0.499643
0.482966
0.456456
0.511785
0.499152
0.519057
0.517582
0.473885
0.506682
0.484031
0.505472
0.482661
0.466686
0.487446
0.51053
0.454945
0.483675
0.61837
0.527286
0.526935
0.485514
0.490218
0.518554
0.491067
0.482028
0.505753
0.47709
0.500249
0.473323
0.516633
0.519153
0.473811
0.492161
0.471869
0.48431
0.489565
0.504799
0.53958
0.48588
0.476346
0.464637
0.506406
0.526395
0.481399
0.483071
0.50897
0.502434
0.497001
0.531914
0.471755
0.493226
0.470682
0.52177
0.565761
0.507384
0.523433
0.480723
0.502345
0.482149
0.490252
0.457727
0.406592
0.489518
0.527434
0.52507
0.494599
0.453633
0.500959
0.534283
0.46906
0.493809
0.470353
0.529868
0.497509
0.477558
0.492412
0.515231
0.507609
0.538017
0.489145
0.545183
0.48385
0.540119
0.514331
0.529384
0.50005
0.54991
0.463046
0.501119
0.522006
0.491366
0.468544
0.525761
0.484704
0.475107
0.540873
0.463316
0.498427
0.473357
0.55159
0.489406
0.468171
0.515553
0.558952
0.52908
0.460711
0.478948
0.507965
0.527824
0.463723
0.488615
0.469662
0.464136
0.54131
0.511198
0.493978
0.448055
0.530325
0.496805
0.500613
0.510006
0.49186
0.523406
0.512241
0.464353
0.502273
0.538121
0.464448
0.50201
0.468137
0.449766
0.49678
0.536512
0.48947
0.537028
0.479262
0.537897
0.495641
0.486658
0.488774
0.468798
0.518312
0.526045
0.469657
0.507095
0.475797
0.48455
0.522917
0.539521
0.503212
0.447974
0.468415
0.50059
0.52279
0.490537
0.504405
0.511221
0.558741
0.518742
0.478799
0.531432
0.461021
0.501498
0.506545
0.521486
0.552399
0.500877
0.497473
0.495856
0.533186
0.517882
0.488999
0.48439
0.478006
0.4876
0.458058
0.505043
0.518982
0.508114
0.54664
0.502563
0.479719
0.487549
0.485304
0.527492
0.504441
0.513632
0.519045
0.499874
0.486681
0.510127
0.49989
0.482024
0.511882
0.514545
0.510601
0.454754
0.558286
0.471472
0.493848
0.541413
0.460496
0.485919
0.501247
0.494132
0.490072
0.501053
0.486615
0.526635
0.497549
0.494683
0.497835
0.498002
0.490242
0.468892
0.521704
0.531749
0.460216
0.457165
0.496118
0.494612
0.506803
0.493414
0.484008
0.489398
0.458032
0.477252
0.49336
0.536283
0.515343
0.499913
0.487724
0.506937
0.465979
0.505172
0.461575
0.515843
0.507414
0.479654
0.494899
0.513188
0.40819
0.466905
0.521389
0.4537
0.499559
0.489592
0.514611
0.485815
0.482277
0.524217
0.486529
0.475527
0.532951
0.482717
0.542761
0.519329
0.474292
0.505318
0.478932
0.48058
0.443665
0.519029
0.462507
0.483715
0.514304
0.476146
0.514485
0.520636
0.453566
0.477135
0.505307
0.453686
0.472606
0.51228
0.539385
0.449562
0.481834
0.476467
0.452594
0.458559
0.526549
0.481469
0.497128
0.473502
0.497104
0.51013
0.54808
0.512759
0.527995
0.526794
0.446124
0.491695
0.440234
0.508378
0.500679
0.496949
0.531397
0.490451
0.517926
0.507914
0.487701
0.452703
0.528054
0.499779
0.512509
0.478162
0.476102
0.532531
0.535617
0.410563
0.490795
0.510266
0.527714
0.524208
0.525715
0.485209
0.504376
0.460727
0.467218
0.490798
0.513981
0.467087
0.50344
0.498218
0.523917
0.579244
0.49879
0.520759
0.509447
0.5158
0.508297
0.54037
0.479624
0.486044
0.496179
0.520785
0.55462
0.496759
0.47302
0.481593
0.498841
0.492156
0.515926
0.517639
0.554214
0.461323
0.526035
0.508114
0.478014
0.497557
0.527749
0.489719
0.539603
0.483956
0.444081
0.458279
0.490464
0.499643
0.502466
0.483178
0.481901
0.521008
0.495442
0.52899
0.494776
0.522324
0.480544
0.458684
0.49567
0.580131
0.513812
0.532774
0.503823
0.53575
0.481274
0.548795
0.513252
0.520308
0.522781
0.515471
0.514402
0.486651
0.532572
0.465962
0.52972
0.462513
0.520946
0.48455
0.45751
0.499317
0.531404
0.471156
0.428466
0.480996
0.507653
0.488049
0.459234
0.507187
0.514833
0.483125
0.487401
0.475193
0.519352
0.534142
0.522267
0.485076
0.521697
0.488267
0.495789
0.512259
0.496593
0.531327
0.478059
0.502017
0.494906
0.471133
0.501704
0.550225
0.441632
0.489245
0.509577
0.484738
0.514372
0.495562
0.460109
0.521787
0.516667
0.490115
0.504706
0.471755
0.490551
0.516423
0.521562
0.488713
0.482709
0.520805
0.470261
0.478095
0.508624
0.522004
0.561548
0.466875
0.45906
0.52552
0.496636
0.490641
0.493294
0.517006
0.500436
0.481911
0.50343
0.519116
0.463069
0.494106
0.534212
0.486176
0.484057
0.525509
0.502673
0.501045
0.483538
0.457629
0.512026
0.508558
0.514914
0.532313
0.48415
0.499913
0.453277
0.491996
0.555058
0.542373
0.46401
0.537462
0.507716
0.528678
0.475922
0.497487
0.486598
0.540518
0.473305
0.504746
0.548332
0.510461
0.521277
0.472348
0.552837
0.506698
0.498796
0.485391
0.519303
0.504988
0.523711
0.481888
0.49141
0.482176
0.514228
0.507467
0.506139
0.485656
0.471173
0.448197
0.480573
0.503154
0.435416
0.485926
0.491044
0.46722
0.504838
0.480501
0.509007
0.478773
0.535211
0.513255
0.528026
0.474113
0.479374
0.506123
0.486233
0.489742
0.499073
0.510767
0.518638
0.509385
0.463838
0.502089
0.473674
0.51759
0.501283
0.530504
0.478337
0.494265
0.51319
0.507345
0.496318
0.454546
0.531768
0.467777
0.473472
0.448357
0.480442
0.445602
0.545028
0.494043
0.493565
0.524319
0.508896
0.510451
0.519421
0.518815
0.529459
0.481838
0.550894
0.512075
0.466207
0.529966
0.438169
0.51127
0.541613
0.497777
0.507868
0.467607
0.502603
0.519014
0.512956
0.494313
0.460011
0.528163
0.547826
0.48713
0.460378
0.535091
0.422925
0.461694
0.454493
0.538762
0.513285
0.512172
0.517026
0.474393
0.505362
0.515538
0.541644
0.518434
0.546523
0.485856
0.485984
0.515754
0.551589
0.462945
0.530845
0.483383
0.490784
0.45981
0.447993
0.455216
0.383482
0.503205
0.430943
0.482032
0.482112
0.531703
0.473085
0.491214
0.490614
0.535653
0.517555
0.470534
0.501802
0.523401
0.533193
0.580396
0.518025
0.528135
0.480992
0.468892
0.429487
0.529754
0.485393
0.564061
0.454616
0.456107
0.514809
0.527717
0.49684
0.458003
0.485761
0.505225
0.482164
0.502353
0.444978
0.485601
0.481905
0.517817
0.543865
0.53631
0.53497
0.457339
0.52969
0.557127
0.474055
0.471947
0.477876
0.527462
0.510125
0.500178
0.509777
0.481491
0.509572
0.477517
0.520302
0.465492
0.538404
0.520228
0.499767
0.491756
0.467854
0.517929
0.464355
0.533437
0.525784
0.489317
0.509553
0.454731
0.528245
0.485396
0.520937
0.510753
0.52559
0.494587
0.466695
0.461476
0.507491
0.474105
0.526248
0.494132
0.49126
0.511964
0.499347
0.498425
0.527821
0.473998
0.54003
0.498942
0.539741
0.530259
0.489803
0.469142
0.485656
0.485183
0.534425
0.461288
0.455507
0.495886
0.498675
0.4467
0.420933
0.552969
0.453465
0.540709
0.465203
0.508211
0.519691
0.44668
0.56707
0.503521
0.52318
0.513488
0.532912
0.485523
0.51512
0.540805
0.481541
0.45015
0.432341
0.476596
0.54605
0.511628
0.481823
0.481184
0.507083
0.450216
0.513816
0.532256
0.481885
0.463077
0.527926
0.485201
0.523528
0.452668
0.466564
0.493134
0.514677
0.517006
0.48012
0.551007
0.500261
0.476199
0.518242
0.528152
0.493451
0.489611
0.511589
0.513657
0.529295
0.488032
0.448445
0.498933
0.530391
0.485244
0.510556
0.431857
0.488984
0.49333
0.482569
0.526861
0.499852
0.486136
0.449457
0.525343
0.50835
0.485228
0.476293
0.470777
0.47801
0.532742
0.524747
0.522888
0.522041
0.495492
0.500699
0.455289
0.52313
0.484712
0.507318
0.480925
0.535908
0.465808
0.508004
0.509719
0.526455
0.502491
0.513552
0.4528
0.423218
0.499683
0.467923
0.47766
0.483729
0.479537
0.566995
0.458654
0.531478
0.464988
0.51466
0.537175
0.517339
0.51517
0.500659
0.485923
0.479898
0.48711
0.544514
0.541605
0.499085
0.498042
0.499942
0.500466
0.457464
0.502741
0.544122
0.481015
0.533569
0.500235
0.496184
0.48832
0.481651
0.484284
0.529317
0.474256
0.52222
0.501983
0.500837
0.438073
0.497751
0.434889
0.53462
0.491659
0.517933
0.487018
0.510264
0.463875
0.44883
0.504113
0.463348
0.488345
0.540339
0.528541
0.561171
0.499057
0.506307
0.504201
0.448352
0.52817
0.521697
0.555818
0.496649
0.500389
0.521162
0.496997
0.493384
0.51829
0.523416
0.471406
0.482851
0.51296
0.485768
0.531479
0.495075
0.474349
0.513197
0.498995
0.486295
0.505675
0.536345
0.561918
0.475558
0.506296
0.482799
0.47188
0.531785
0.497386
0.49604
0.506661
0.545697
0.474826
0.456435
0.512062
0.500963
0.543647
0.508638
0.497539
0.488954
0.488444
0.549792
0.429965
0.501481
0.514088
0.472887
0.509906
0.515874
0.461156
0.47967
0.524784
0.516805
0.54042
0.487459
0.523294
0.559199
0.510786
0.504257
0.455459
0.466637
0.505063
0.516528
0.492696
0.519604
0.467914
0.524015
0.492267
0.497966
0.510398
0.545976
0.520482
0.532058
0.525442
0.523205
0.529048
0.49674
0.488646
0.470227
0.558924
0.522815
0.528785
0.532027
0.506052
0.48017
0.562372
0.5097
0.473362
0.517024
0.476686
0.44939
0.483404
0.509653
0.515608
0.438892
0.495988
0.476967
0.522659
0.496304
0.495211
0.52432
0.515612
0.535082
0.520248
0.46092
0.487049
0.509901
0.494273
0.525214
0.515241
0.507665
0.545888
0.51264
0.479727
0.518076
0.50744
0.490088
0.465959
0.478104
0.5046
0.491482
0.443405
0.544758
0.561573
0.488829
0.501461
0.450517
0.476317
0.44313
0.477573
0.525802
0.480151
0.499511
0.491925
0.502874
0.486118
0.470963
0.48307
0.505507
0.480485
0.545064
0.488894
0.53884
0.511758
0.468042
0.477269
0.463761
0.521569
0.51058
0.530777
0.450219
0.441836
0.50972
0.449894
0.55381
0.47255
0.521237
0.528976
0.460044
0.484573
0.496883
0.529464
0.460647
0.491823
0.480843
0.514641
0.476278
0.56722
0.489809
0.490353
0.510039
0.566758
0.471018
0.506043
0.506148
0.466099
0.482658
0.500485
0.488162
0.444041
0.520989
0.436586
0.531099
0.467254
0.538581
0.519646
0.531874
0.530647
0.558017
0.503426
0.492376
0.497743
0.475462
0.498426
0.529609
0.505441
0.458447
0.576727
0.52723
0.487541
0.512274
0.477785
0.512893
0.511394
0.449381
0.529542
0.495749
0.462076
0.506074
0.499242
0.49849
0.498432
0.510979
0.518312
0.468312
0.475391
0.489607
0.505693
0.511167
0.516908
0.509385
0.473995
0.513677
0.473923
0.469551
0.522847
0.487093
0.461698
0.480274
0.493819
0.447676
0.470918
0.445374
0.461295
0.557854
0.546925
0.473028
0.493661
0.542557
0.501461
0.478823
0.4292
0.455094
0.4813
0.505539
0.471048
0.476933
0.508135
0.554037
0.515611
0.53579
0.494101
0.509627
0.528788
0.476366
0.477309
0.518283
0.504405
0.518141
0.531765
0.517096
0.489217
0.454572
0.506044
0.503321
0.568852
0.518088
0.505109
0.476407
0.469085
0.515251
0.469627
0.497386
0.536805
0.506457
0.45718
0.499977
0.575053
0.594548
0.499732
0.427806
0.516514
0.516727
0.501726
0.482101
0.479822
0.504127
0.503203
0.494237
0.49307
0.473427
0.49229
0.537511
0.488888
0.514882
0.461464
0.492524
0.515468
0.511149
0.511934
0.490538
0.507917
0.501268
0.510552
0.46919
0.534298
0.474196
0.493586
0.504925
0.490751
0.506252
0.501777
0.486548
0.480059
0.496849
0.52101
0.47424
0.518034
0.486901
0.533007
0.498438
0.452102
0.524261
0.450403
0.552935
0.506464
0.450584
0.550576
0.47659
0.498195
0.473974
0.482618
0.488014
0.498674
0.461802
0.451816
0.477609
0.49471
0.538064
0.486011
0.541338
0.523733
0.52965
0.558222
0.530592
0.497443
0.505911
0.439909
0.512546
0.498273
0.555889
0.479231
0.51536
0.473052
0.477588
0.50871
0.472608
0.518244
0.50366
0.516633
0.481322
0.511124
0.507885
0.536606
0.487998
0.47129
0.546812
0.489605
0.456966
0.476862
0.480948
0.562925
0.465491
0.519755
0.509857
0.460372
0.479967
0.534405
0.455551
0.508106
0.507595
0.504307
0.488552
0.520486
0.427923
0.500763
0.530987
0.520296
0.488595
0.498193
0.551107
0.507742
0.499723
0.520391
0.463589
0.48257
0.491227
0.532116
0.460012
0.483707
0.477531
0.480368
0.463869
0.460777
0.523985
0.469741
0.514497
0.501882
0.479396
0.456223
0.514295
0.532015
0.559036
0.503819
0.533611
0.536485
0.522495
0.548369
0.487673
0.433725
0.470778
0.472941
0.549928
0.47186
0.51699
0.489169
0.436177
0.493413
0.535012
0.538917
0.533878
0.482512
0.460519
0.460631
0.530985
0.488996
0.538738
0.544779
0.538706
0.503765
0.473303
0.522719
0.48255
0.499778
0.540587
0.503407
0.516047
0.503048
0.523893
0.512292
0.481495
0.528039
0.521866
0.506785
0.502138
0.541803
0.46552
0.442676
0.530127
0.521265
0.488232
0.475875
0.514647
0.488017
0.483094
0.553847
0.464587
0.474988
0.531995
0.471123
0.550127
0.499386
0.450807
0.493253
0.527613
0.446263
0.495043
0.453587
0.5321
0.447097
0.510377
0.497249
0.481936
0.457759
0.462387
0.486687
0.479761
0.460234
0.509905
0.543167
0.494299
0.502486
0.526342
0.488587
0.537312
0.480819
0.483368
0.482001
0.5001
0.469138
0.481322
0.525195
0.543914
0.519462
0.540724
0.461728
0.458659
0.498069
0.499267
0.463789
0.50427
0.461656
0.518658
0.501247
0.489115
0.487883
0.545694
0.517278
0.509831
0.474676
0.541936
0.52494
0.47694
0.502662
0.446368
0.489069
0.50063
0.54512
0.495398
0.44787
0.471086
0.46981
0.494605
0.47858
0.487731
0.507066
0.546569
0.491588
0.481754
0.558523
0.539197
0.497361
0.516317
0.490855
0.538893
0.480582
0.488785
0.448891
0.472959
0.49585
0.479392
0.462501
0.5056
0.489335
0.520679
0.451611
0.471907
0.48075
0.492114
0.513727
0.474192
0.530021
0.514241
0.548345
0.515055
0.503033
0.476751
0.502622
0.501552
0.500817
0.494846
0.512681
0.484841
0.486566
0.54826
0.554925
0.489686
0.484843
0.497335
0.481737
0.49818
0.457366
0.470496
0.525936
0.472082
0.529732
0.537534
0.458377
0.50813
0.483476
0.51304
0.463049
0.4907
0.477815
0.494394
0.514064
0.516204
0.515471
0.448658
0.48891
0.533582
0.52694
0.482766
0.532326
0.535282
0.547582
0.50138
0.525204
0.513088
0.47191
0.516787
0.532857
0.513173
0.519451
0.495207
0.487062
0.494765
0.516552
0.503903
0.526233
0.476781
0.48851
0.503442
0.518097
0.536825
0.486401
0.539512
0.489266
0.496906
0.54298
0.508645
0.516061
0.530264
0.492024
0.522233
0.510971
0.513674
0.515505
0.493215
0.50913
0.569599
0.532953
0.449798
0.509163
0.502581
0.507399
0.480598
0.532813
0.474226
0.502255
0.485572
0.46768
0.431173
0.513528
0.477114
0.467489
0.510412
0.51172
0.475694
0.484229
0.516338
0.55781
0.504414
0.516561
0.503903
0.487677
0.53685
0.478857
0.542242
0.489345
0.542565
0.485245
0.463165
0.507434
0.524662
0.503049
0.488866
0.539169
0.523752
0.499976
0.483244
0.476347
0.482711
0.51945
0.531194
0.477626
0.466609
0.478444
0.490257
0.505504
0.502175
0.482208
0.509
0.472378
0.501178
0.520251
0.476497
0.480046
0.502103
0.497952
0.517284
0.507031
0.514488
0.478198
0.526178
0.528105
0.510305
0.487384
0.557314
0.470384
0.47676
0.530193
0.511792
0.54037
0.514874
0.507499
0.498303
0.496312
0.458241
0.491784
0.501101
0.500276
0.506324
0.514439
0.459713
0.514267
0.496659
0.539321
0.514744
0.494822
0.530364
0.556956
0.494172
0.560404
0.525302
0.503737
0.524479
0.466009
0.51129
0.490516
0.53103
0.499337
0.481725
0.514957
0.492042
0.472909
0.496001
0.442016
0.510533
0.436515
0.497085
0.476938
0.528635
0.504349
0.478646
0.495133
0.498619
0.491226
0.47609
0.52332
0.54504
0.502234
0.465891
0.516294
0.542348
0.480224
0.507585
0.423716
0.432357
0.515482
0.512812
0.551274
0.455946
0.491983
0.425759
0.500618
0.49336
0.504591
0.539415
0.532417
0.547487
0.461575
0.491972
0.486935
0.504493
0.52683
0.487779
0.536484
0.506186
0.486169
0.527211
0.544146
0.488477
0.512055
0.469824
0.523122
0.470327
0.511166
0.515177
0.491091
0.467546
0.539148
0.515703
0.473963
0.485814
0.476947
0.535985
0.543376
0.507314
0.483083
0.472826
0.472346
0.535342
0.51625
0.510496
0.453408
0.541261
0.422614
0.555498
0.50366
0.508201
0.522178
0.535276
0.511053
0.505842
0.478598
0.50519
0.466322
0.500697
0.466822
0.468174
0.524925
0.496228
0.492925
0.54143
0.483367
0.537206
0.460516
0.504532
0.534288
0.472667
0.528092
0.493328
0.534674
0.481845
0.551715
0.464009
0.501595
0.517469
0.497389
0.451711
0.499811
0.520774
0.467499
0.478044
0.495649
0.522624
0.515715
0.541899
0.511508
0.475118
0.554698
0.527935
0.50538
0.518034
0.521019
0.477094
0.52975
0.544521
0.491646
0.443542
0.47426
0.510377
0.496368
0.522398
0.526505
0.541319
0.470561
0.492624
0.505338
0.482596
0.502631
0.509462
0.511064
0.525338
0.490546
0.550788
0.496892
0.544006
0.451801
0.541749
0.536019
0.529321
0.471217
0.472076
0.478723
0.491041
0.470931
0.490429
0.523852
0.494977
0.426957
0.490167
0.489057
0.508604
0.496701
0.5109
0.554167
0.539655
0.531792
0.520213
0.532079
0.482066
0.470611
0.549928
0.481524
0.493648
0.514897
0.511288
0.546098
0.47987
0.494792
0.553419
0.463924
0.54811
0.496719
0.479474
0.522327
0.536771
0.498448
0.564808
0.481895
0.543614
0.515737
0.541568
0.554292
0.447701
0.504923
0.504082
0.518218
0.49932
0.485832
0.499408
0.507867
0.532253
0.519389
0.507423
0.508276
0.472781
0.484297
0.514834
0.511934
0.479792
0.527164
0.477474
0.501022
0.480363
0.500459
0.425267
0.479666
0.465198
0.462652
0.484234
0.530575
0.488296
0.494938
0.479914
0.530436
0.515222
0.508904
0.506577
0.528446
0.504351
0.479518
0.516601
0.462354
0.495477
0.467815
0.514394
0.496382
0.470137
0.457657
0.559228
0.49542
0.49805
0.490936
0.491365
0.509837
0.504027
0.475608
0.515851
0.515317
0.449739
0.520914
0.458348
0.52207
0.484709
0.544179
0.507386
0.507811
0.520914
0.483559
0.467401
0.528867
0.505358
0.441105
0.476943
0.503793
0.485005
0.420533
0.526424
0.463884
0.488437
0.494054
0.459779
0.514932
0.518616
0.542666
0.504426
0.524626
0.471125
0.524254
0.493882
0.459962
0.522261
0.473898
0.507425
0.529036
0.46136
0.510746
0.481174
0.471594
0.511724
0.445841
0.524958
0.542722
0.474522
0.465263
0.439346
0.494044
0.500052
0.452974
0.537229
0.476801
0.490725
0.487731
0.464308
0.541196
0.45016
0.548453
0.552878
0.52637
0.552748
0.472399
0.553277
0.485387
0.518076
0.500556
0.517374
0.539607
0.50458
0.464589
0.488479
0.546814
0.496797
0.529746
0.512033
0.477486
0.450599
0.528079
0.52148
0.483568
0.490779
0.476363
0.503661
0.444131
0.495368
0.533098
0.448143
0.512295
0.53105
0.468938
0.514824
0.507782
0.504063
0.514963
0.434211
0.48948
0.430946
0.543134
0.50474
0.522394
0.493521
0.473326
0.521509
0.493354
0.522473
0.47131
0.5308
0.519859
0.563915
0.502053
0.514776
0.476431
0.503297
0.522717
0.480708
0.512852
0.481054
0.469729
0.509126
0.488664
0.544351
0.514304
0.465254
0.518302
0.499308
0.500781
0.498121
0.531233
0.488078
0.472167
0.501702
0.52149
0.505157
0.447239
0.532484
0.530952
0.537291
0.493611
0.537814
0.51077
0.531369
0.481106
0.519426
0.515301
0.53466
0.439839
0.486491
0.542918
0.461793
0.517365
0.522604
0.498091
0.482824
0.499272
0.531041
0.529097
0.526792
0.527605
0.482701
0.495742
0.505127
0.511482
0.481073
0.451463
0.449286
0.484278
0.498633
0.484197
0.486987
0.481765
0.509017
0.520378
0.481432
0.505571
0.509378
0.526451
0.477874
0.536329
0.487266
0.512263
0.491919
0.410913
0.496437
0.440718
0.463928
0.478106
0.495945
0.488067
0.523898
0.487102
0.536907
0.499206
0.461196
0.483196
0.531303
0.542362
0.513526
0.485057
0.467195
0.497533
0.499493
0.527934
0.494735
0.533068
0.539147
0.467198
0.497344
0.434757
0.536888
0.496574
0.512424
0.4718
0.441087
0.505446
0.435993
0.534041
0.484821
0.519611
0.415608
0.524835
0.51208
0.449854
0.505953
0.533927
0.533834
0.51272
0.481474
0.504713
0.508319
0.457858
0.480418
0.510257
0.489939
0.506316
0.494679
0.472456
0.521131
0.514154
0.529794
0.498699
0.521601
0.545753
0.479491
0.570419
0.499274
0.511204
0.479152
0.507908
0.507355
0.532134
0.522559
0.545756
0.481866
0.510362
0.476316
0.433313
0.524037
0.513751
0.516305
0.514521
0.481929
0.503627
0.490562
0.511521
0.545652
0.448153
0.472944
0.496385
0.440571
0.516021
0.441956
0.495359
0.532859
0.574837
0.519127
0.52999
0.501781
0.458591
0.511301
0.499523
0.523082
0.53856
0.481211
0.488914
0.497854
0.512041
0.490728
0.476871
0.481251
0.483281
0.531148
0.47827
0.565442
0.470978
0.464895
0.525329
0.461159
0.536728
0.50301
0.541928
0.502228
0.538797
0.51282
0.535423
0.537454
0.485588
0.480128
0.520361
0.484229
0.543179
0.540339
0.458441
0.478251
0.491318
0.532861
0.509119
0.483716
0.492222
0.533184
0.505217
0.478366
0.546592
0.496992
0.507922
0.507765
0.48119
0.520693
0.495539
0.443179
0.542364
0.492744
0.480383
0.517434
0.539898
0.490135
0.538182
0.493127
0.475556
0.454424
0.474358
0.457563
0.430705
0.521673
0.501573
0.478807
0.517376
0.510693
0.532911
0.477195
0.497152
0.483939
0.495066
0.47672
0.502257
0.485459
0.495917
0.460629
0.523209
0.460245
0.500861
0.475634
0.497425
0.439393
0.492282
0.549095
0.473152
0.555411
0.50653
0.493564
0.493086
0.532079
0.492785
0.50305
0.482072
0.483221
0.45818
0.505392
0.513244
0.494773
0.533558
0.505108
0.446996
0.514506
0.474239
0.461101
0.51714
0.533805
0.470176
0.543588
0.508644
0.495849
0.489861
0.494638
0.481317
0.494595
0.50238
0.506686
0.493807
0.518916
0.511962
0.523399
0.512313
0.516293
0.479427
0.497277
0.478349
0.460411
0.514881
0.518347
0.469973
0.507053
0.466057
0.468343
0.500831
0.502659
0.52666
0.474741
0.461394
0.509924
0.499094
0.509015
0.446774
0.534812
0.535958
0.513506
0.545485
0.509367
0.524664
0.531257
0.553526
0.564678
0.469581
0.523216
0.49816
0.478401
0.496045
0.497157
0.495771
0.501179
0.480644
0.492709
0.468156
0.486371
0.472134
0.46686
0.511655
0.497431
0.497355
0.48432
0.503467
0.477341
0.46655
0.477109
0.509542
0.554451
0.502422
0.487749
0.478418
0.479113
0.50735
0.48043
0.545386
0.535486
0.533089
0.454543
0.531346
0.462871
0.487379
0.474923
0.520739
0.500973
0.491795
0.493212
0.492924
0.523447
0.495242
0.464691
0.501378
0.434115
0.527457
0.504966
0.525095
0.490219
0.506896
0.530889
0.526556
0.547092
0.447381
0.500074
0.480643
0.498624
0.507879
0.493399
0.508881
0.467888
0.519795
0.564856
0.463377
0.492308
0.476149
0.52313
0.514821
0.517749
0.407009
0.55929
0.568952
0.485889
0.485563
0.484942
0.505827
0.479264
0.489198
0.455255
0.496306
0.498353
0.509967
0.481197
0.480092
0.515072
0.548812
0.505389
0.50973
0.477072
0.537923
0.54593
0.474924
0.497191
0.465609
0.502578
0.471551
0.44245
0.468052
0.459657
0.47975
0.516973
0.492318
0.50007
0.475454
0.473187
0.495008
0.504791
0.489747
0.475691
0.520917
0.492208
0.470419
0.492174
0.496074
0.461696
0.530092
0.495738
0.489548
0.515795
0.49529
0.513017
0.528382
0.475362
0.520839
0.482463
0.520047
0.512082
0.523958
0.497171
0.516764
0.532704
0.512425
0.476623
0.466106
0.50938
0.461187
0.501716
0.482217
0.480486
0.491797
0.487468
0.532055
0.476294
0.469044
0.537749
0.531007
0.513873
0.609162
0.496446
0.492275
0.505592
0.513973
0.5194
0.454386
0.505604
0.505369
0.541531
0.431225
0.518684
0.504479
0.523478
0.448939
0.485792
0.459912
0.432183
0.49411
0.490742
0.499447
0.499739
0.487558
0.432349
0.519551
0.464927
0.508158
0.526432
0.477082
0.471778
0.521036
0.522037
0.467576
0.52956
0.494532
0.486278
0.484473
0.498551
0.520291
0.50214
0.523674
0.515982
0.510867
0.493651
0.517785
0.436516
0.499211
0.572767
0.504441
0.501649
0.504422
0.472378
0.463073
0.5224
0.508127
0.489775
0.484503
0.45966
0.445873
0.524984
0.547725
0.486597
0.497907
0.478319
0.528273
0.537458
0.483713
0.561547
0.522523
0.487182
0.564683
0.447026
0.472327
0.506163
0.469296
0.509194
0.454338
0.50456
0.495191
0.542797
0.50841
0.520528
0.562487
0.492207
0.489444
0.486729
0.482748
0.50623
0.517058
0.519519
0.527952
0.532761
0.547455
0.495174
0.463846
0.507671
0.481858
0.517525
0.462065
0.512292
0.485897
0.481391
0.545375
0.483887
0.494319
0.456181
0.540442
0.513474
0.505392
0.504025
0.462469
0.495369
0.459382
0.476834
0.546103
0.502843
0.575478
0.526641
0.486976
0.504252
0.441542
0.513616
0.508251
0.544024
0.511047
0.516116
0.476558
0.502869
0.451603
0.457154
0.511686
0.4816
0.479411
0.47166
0.474412
0.502925
0.494057
0.518902
0.516837
0.465598
0.507992
0.524457
0.489613
0.445296
0.495087
0.486092
0.540421
0.496599
0.492639
0.507936
0.578091
0.480452
0.471193
0.507321
0.486729
0.521476
0.496566
0.518662
0.504225
0.519511
0.468445
0.478753
0.499531
0.46976
0.499921
0.517856
0.503063
0.515912
0.552363
0.520952
0.504616
0.510621
0.489972
0.483538
0.473171
0.497711
0.53842
0.566337
0.452948
0.480486
0.521926
0.513298
0.480106
0.490514
0.483166
0.497265
0.514448
0.511272
0.490368
0.447686
0.450509
0.501017
0.545987
0.474734
0.522407
0.509254
0.501325
0.49423
0.506828
0.53119
0.491476
0.497717
0.49852
0.524544
0.44496
0.522086
0.502668
0.473071
0.492442
0.523114
0.518541
0.49121
0.508885
0.477297
0.538758
0.494192
0.483535
0.44634
0.478574
0.498012
0.5121
0.498697
0.509549
0.473629
0.485499
0.482524
0.481974
0.539763
0.469562
0.49442
0.510437
0.538678
0.48005
0.508342
0.486889
0.519316
0.507373
0.49905
0.495609
0.532154
0.445381
0.484478
0.474414
0.510177
0.498598
0.531387
0.446515
0.530314
0.522286
0.508696
0.477376
0.489743
0.529699
0.51284
0.510964
0.451411
0.530916
0.489555
0.459747
0.493166
0.46761
0.496447
0.512845
0.534864
0.458156
0.450734
0.506671
0.497833
0.45742
0.526519
0.512475
0.51106
0.555629
0.515991
0.485132
0.528487
0.51069
0.498906
0.497573
0.551781
0.488322
0.484743
0.515229
0.492961
0.454396
0.501893
0.48485
0.46125
0.433839
0.518272
0.482093
0.478537
0.500491
0.517717
0.492237
0.507808
0.432281
0.526556
0.478416
0.498939
0.4661
0.504713
0.481729
0.496213
0.516748
0.535728
0.537614
0.501941
0.454328
0.510078
0.512857
0.510565
0.484464
0.486151
0.497607
0.517607
0.55571
0.473269
0.536784
0.457856
0.518536
0.511128
0.505233
0.47715
0.520267
0.520021
0.421028
0.522145
0.480327
0.466235
0.531277
0.532425
0.500203
0.506987
0.544809
0.509357
0.50246
0.489273
0.456134
0.526034
0.523219
0.487011
0.505019
0.512709
0.492447
0.53085
0.516092
0.57207
0.476451
0.515018
0.512818
0.518758
0.526941
0.495588
0.520242
0.467475
0.521039
0.494534
0.48086
0.534079
0.496614
0.473955
0.50801
0.474029
0.457312
0.524833
0.451135
0.53256
0.51166
0.534719
0.577317
0.510961
0.520611
0.498698
0.453441
0.493331
0.527923
0.488029
0.533367
0.508188
0.487724
0.500821
0.534487
0.469312
0.503652
0.519124
0.478048
0.530179
0.553951
0.526818
0.477604
0.476388
0.456875
0.49266
0.489975
0.480435
0.530799
0.552876
0.513101
0.493211
0.553403
0.527669
0.565145
0.506611
0.484293
0.496017
0.469234
0.491619
0.46546
0.483139
0.508218
0.506245
0.443919
0.514996
0.493799
0.507692
0.520936
0.494219
0.544433
0.493126
0.492189
0.481817
0.516358
0.523424
0.523261
0.489054
0.502138
0.464278
0.434828
0.483875
0.541085
0.499023
0.441913
0.526236
0.515949
0.507573
0.571596
0.466731
0.540235
0.495835
0.503541
0.482887
0.510536
0.499971
0.457723
0.507497
0.518245
0.569897
0.543723
0.493367
0.495032
0.516378
0.485977
0.44886
0.536451
0.506107
0.47934
0.498602
0.518064
0.499135
0.539353
0.473727
0.478439
0.533029
0.451579
0.546043
0.533418
0.488133
0.504389
0.520487
0.506013
0.518313
0.489566
0.510243
0.456316
0.471546
0.535109
0.51891
0.485793
0.464747
0.494611
0.444069
0.490333
0.517194
0.507582
0.526664
0.49644
0.456933
0.505093
0.510527
0.514925
0.494536
0.47512
0.46646
0.496496
0.568586
0.531958
0.485222
0.533591
0.487273
0.464087
0.533816
0.502861
0.500457
0.514851
0.479437
0.502655
0.536594
0.550344
0.485457
0.54989
0.498885
0.468864
0.473839
0.50068
0.535031
0.476313
0.498327
0.489108
0.524969
0.52192
0.502813
0.488496
0.470953
0.528665
0.519239
0.509566
0.494374
0.522771
0.499416
0.499863
0.513673
0.496641
0.475137
0.448806
0.467747
0.479627
0.500955
0.542755
0.519189
0.490985
0.523996
0.494459
0.491775
0.499411
0.505198
0.531267
0.526542
0.463517
0.546334
0.48647
0.490854
0.547636
0.527204
0.468153
0.544809
0.497318
0.497363
0.479939
0.489392
0.538904
0.526776
0.507981
0.440711
0.567546
0.48975
0.498598
0.494732
0.508042
0.546546
0.490919
0.526851
0.502881
0.507017
0.498905
0.550704
0.441848
0.500678
0.467144
0.490578
0.457585
0.547554
0.454766
0.501798
0.50147
0.474201
0.521879
0.503473
0.504195
0.479266
0.522882
0.507964
0.495413
0.482964
0.461046
0.47146
0.516837
0.484843
0.52872
0.500035
0.493161
0.474218
0.457556
0.515548
0.47517
0.487648
0.49311
0.515783
0.489436
0.547821
0.498214
0.533187
0.538947
0.53824
0.429469
0.526587
0.509071
0.468068
0.491258
0.51026
0.463207
0.461518
0.511642
0.554735
0.442515
0.516152
0.514513
0.493693
0.484091
0.454485
0.462381
0.521351
0.481963
0.513239
0.444177
0.474695
0.455284
0.554648
0.542435
0.494943
0.498103
0.514178
0.494233
0.512615
0.525075
0.519031
0.470276
0.520575
0.4975
0.541828
0.526479
0.499435
0.504055
0.49382
0.472444
0.509674
0.490598
0.542021
0.541189
0.534879
0.523425
0.594634
0.484519
0.500447
0.530343
0.529137
0.528399
0.512153
0.533942
0.477415
0.492718
0.488937
0.491442
0.43231
0.499811
0.544303
0.485482
0.489951
0.516115
0.530692
0.560237
0.492263
0.501334
0.501207
0.46723
0.504012
0.559491
0.46307
0.535212
0.528763
0.526237
0.487183
0.558496
0.49813
0.486801
0.518163
0.498114
0.508698
0.488939
0.489232
0.480158
0.530979
0.495277
0.536341
0.495713
0.524788
0.539411
0.505892
0.486721
0.505407
0.430142
0.510437
0.532177
0.484915
0.498218
0.496735
0.489015
0.503067
0.499964
0.470536
0.502074
0.512077
0.582172
0.48247
0.507505
0.529697
0.522622
0.499409
0.504003
0.504969
0.520619
0.535688
0.476234
0.501005
0.491908
0.518555
0.544842
0.499194
0.49235
0.50222
0.437388
0.509192
0.524741
0.514883
0.51463
0.559086
0.50313
0.483124
0.496485
0.460093
0.509024
0.488007
0.52207
0.510174
0.443861
0.5073
0.488192
0.460948
0.452106
0.52817
0.460654
0.502258
0.529367
0.504726
0.522766
0.448794
0.509885
0.504799
0.445419
0.503117
0.487798
0.42032
0.523118
0.449484
0.536526
0.475676
0.470323
0.522838
0.550672
0.518427
0.512503
0.497331
0.51481
0.486738
0.546248
0.488776
0.523528
0.537931
0.462837
0.435376
0.517105
0.472502
0.489628
0.521131
0.457209
0.497997
0.503638
0.49628
0.426963
0.477116
0.511704
0.559157
0.51978
0.494424
0.531587
0.523846
0.511338
0.516033
0.448399
0.507992
0.469052
0.466643
0.520726
0.48516
0.49344
0.47831
0.480823
0.526111
0.515747
0.535319
0.533264
0.493361
0.476201
0.489534
0.5464
0.483414
0.527281
0.480598
0.481026
0.541033
0.486371
0.485371
0.500619
0.469926
0.552172
0.490962
0.467515
0.484224
0.469247
0.425743
0.559418
0.515129
0.495077
0.532719
0.5006
0.517092
0.504009
0.489623
0.532179
0.46792
0.532448
0.500116
0.535835
0.527168
0.519701
0.510465
0.475361
0.497193
0.458817
0.456076
0.510399
0.531257
0.511822
0.522252
0.566755
0.543041
0.533706
0.513559
0.567659
0.541951
0.509551
0.486168
0.510353
0.52859
0.529162
0.52755
0.572364
0.514772
0.543591
0.527902
0.501861
0.522453
0.457914
0.507672
0.446456
0.495947
0.484644
0.46557
0.484821
0.491815
0.462158
0.481423
0.495514
0.470793
0.462503
0.488268
0.527366
0.486134
0.462966
0.508039
0.51582
0.492742
0.435778
0.485242
0.519596
0.501476
0.470323
0.512977
0.492046
0.472984
0.48224
0.505691
0.511585
0.495469
0.46378
0.483034
0.49557
0.48073
0.469796
0.519193
0.462003
0.492884
0.473746
0.462081
0.503421
0.474113
0.518081
0.526751
0.507375
0.471843
0.51339
0.437422
0.567838
0.521701
0.470682
0.562471
0.461954
0.500647
0.501179
0.486789
0.476466
0.484643
0.507987
0.47586
0.508229
0.485236
0.534037
0.495947
0.523166
0.529438
0.530653
0.474752
0.448046
0.457266
0.501129
0.486935
0.51946
0.511327
0.483702
0.508857
0.504369
0.542817
0.488269
0.486928
0.496596
0.538312
0.491249
0.463935
0.49365
0.481724
0.512955
0.477723
0.568235
0.495801
0.541842
0.456599
0.478839
0.497535
0.490028
0.465852
0.473769
0.441873
0.474436
0.529737
0.483007
0.508086
0.447957
0.503321
0.512263
0.463178
0.544991
0.45856
0.513602
0.516715
0.575748
0.47897
0.457016
0.501447
0.503691
0.537284
0.527323
0.504087
0.550477
0.51046
0.470755
0.460643
0.472794
0.476421
0.485628
0.480653
0.495449
0.496888
0.46145
0.434725
0.495099
0.500709
0.510858
0.51973
0.488985
0.512022
0.458752
0.536044
0.48305
0.507661
0.552993
0.541206
0.573827
0.488162
0.451062
0.544361
0.488449
0.496741
0.477027
0.535875
0.517176
0.460633
0.523219
0.49649
0.502808
0.579159
0.480972
0.480389
0.501351
0.532892
0.484816
0.546565
0.488322
0.508303
0.524487
0.452841
0.495068
0.512265
0.47914
0.506939
0.50946
0.510781
0.51813
0.488968
0.545356
0.486314
0.562739
0.489696
0.515192
0.498102
0.543235
0.528989
0.500087
0.539819
0.535611
0.488797
0.501832
0.518973
0.522416
0.455052
0.501137
0.452396
0.482019
0.552853
0.466513
0.482225
0.480698
0.509324
0.488168
0.486728
0.481933
0.51851
0.471282
0.490362
0.547262
0.48269
0.483041
0.517432
0.473094
0.474475
0.537819
0.503734
0.497832
0.494086
0.504847
0.510544
0.463706
0.436156
0.532789
0.515341
0.48767
0.45046
0.475565
0.533632
0.46575
0.47093
0.46381
0.506255
0.495211
0.517344
0.50635
0.526535
0.408925
0.48404
0.476052
0.52167
0.486309
0.440068
0.504442
0.472721
0.485212
0.43511
0.489456
0.477577
0.489122
0.475587
0.450696
0.481278
0.47407
0.49529
0.526581
0.528065
0.459609
0.484939
0.547745
0.499527
0.508241
0.515025
0.521079
0.493243
0.487661
0.496324
0.508782
0.486256
0.540202
0.512447
0.536789
0.487793
0.523854
0.448811
0.496971
0.475582
0.569223
0.512396
0.467458
0.580144
0.456824
0.50667
0.505481
0.481443
0.499059
0.45606
0.50709
0.502268
0.501275
0.464328
0.518142
0.442708
0.476267
0.461249
0.470915
0.470113
0.546602
0.511948
0.520734
0.46891
0.499144
0.503282
0.466988
0.564642
0.486146
0.501636
0.542894
0.496615
0.497295
0.466511
0.45841
0.473518
0.497073
0.524275
0.510648
0.486406
0.511823
0.47646
0.536175
0.513398
0.450876
0.516975
0.519574
0.460495
0.496141
0.492599
0.512639
0.54286
0.494501
0.46116
0.548583
0.490962
0.457417
0.501732
0.475622
0.555949
0.512102
0.461271
0.48433
0.518615
0.508638
0.54202
0.483123
0.496358
0.547421
0.474098
0.49625
0.50248
0.471299
0.50762
0.518674
0.502223
0.556786
0.518735
0.472211
0.45991
0.508719
0.523958
0.487304
0.471552
0.532742
0.527162
0.554805
0.537326
0.499982
0.45362
0.432143
0.528268
0.488304
0.515452
0.498253
0.481576
0.484504
0.502872
0.511639
0.478891
0.481834
0.485598
0.485942
0.461926
0.467218
0.518802
0.497404
0.519834
0.532544
0.477976
0.48858
0.482668
0.464397
0.49709
0.47269
0.455329
0.456625
0.504419
0.522984
0.526361
0.540089
0.490401
0.491483
0.475976
0.493998
0.501926
0.51149
0.517689
0.483183
0.517401
0.478225
0.487919
0.465695
0.526994
0.521982
0.577955
0.495102
0.462407
0.49816
0.532644
0.461857
0.440575
0.458557
0.520186
0.488114
0.475649
0.528305
0.487405
0.450367
0.473652
0.492805
0.504875
0.53428
0.494166
0.499051
0.546274
0.4261
0.493449
0.51572
0.486342
0.48501
0.523327
0.496381
0.521816
0.490804
0.470263
0.510233
0.539721
0.481261
0.518968
0.504715
0.447387
0.493596
0.474918
0.454376
0.548573
0.544348
0.51017
0.500386
0.550062
0.492099
0.486844
0.515056
0.513122
0.447387
0.452643
0.505735
0.504181
0.494189
0.482788
0.502476
0.519119
0.537359
0.462751
0.503832
0.395527
0.530375
0.546143
0.505161
0.547328
0.5178
0.522153
0.543822
0.506123
0.4868
0.5069
0.555621
0.503639
0.522118
0.453073
0.456899
0.479659
0.488871
0.492238
0.546631
0.539805
0.527534
0.48419
0.482901
0.547543
0.485512
0.547719
0.528147
0.534804
0.469644
0.577162
0.527533
0.515571
0.49404
0.469129
0.474835
0.516827
0.527612
0.513765
0.460211
0.49123
0.515671
0.444929
0.504231
0.47589
0.509985
0.493664
0.502538
0.501625
0.501645
0.489335
0.505525
0.487072
0.471136
0.542805
0.527395
0.502025
0.519979
0.496027
0.508973
0.454375
0.528322
0.522434
0.488668
0.545037
0.482847
0.472481
0.515928
0.555215
0.529382
0.458743
0.501592
0.500411
0.504581
0.494919
0.559499
0.59553
0.501051
0.453134
0.493725
0.435461
0.520302
0.473898
0.475838
0.50552
0.467897
0.483116
0.446538
0.466114
0.515169
0.510509
0.516048
0.496011
0.531889
0.503824
0.467648
0.488589
0.504257
0.513214
0.548715
0.525437
0.522587
0.520158
0.533653
0.511691
0.503066
0.485296
0.493071
0.487458
0.517958
0.479557
0.523611
0.499741
0.508639
0.512948
0.502774
0.489193
0.515816
0.45539
0.433135
0.516123
0.491326
0.533969
0.52032
0.540085
0.505885
0.520974
0.489113
0.517461
0.497152
0.487104
0.502078
0.531387
0.532494
0.504218
0.505058
0.458415
0.490826
0.501996
0.493946
0.506274
0.537891
0.452894
0.537076
0.48711
0.549368
0.469766
0.507637
0.500582
0.526179
0.540525
0.510464
0.471183
0.48636
0.514222
0.51759
0.514169
0.477888
0.522911
0.506933
0.49446
0.486825
0.553689
0.528499
0.512902
0.465161
0.555266
0.522454
0.504253
0.482731
0.533462
0.463477
0.541272
0.457572
0.509988
0.545728
0.459288
0.459116
0.478894
0.53284
0.505625
0.548565
0.545058
0.557285
0.508251
0.510846
0.479094
0.483512
0.518032
0.532518
0.513049
0.529205
0.528966
0.509988
0.501263
0.509064
0.490771
0.462437
0.500778
0.555463
0.538197
0.473813
0.485651
0.490371
0.501444
0.498269
0.479571
0.472904
0.492064
0.543429
0.501132
0.486895
0.548707
0.545844
0.516155
0.482836
0.477102
0.553028
0.481418
0.488595
0.528639
0.496437
0.474182
0.503255
0.511931
0.509768
0.461884
0.508466
0.551728
0.476963
0.496366
0.491688
0.489559
0.434274
0.497026
0.505687
0.51048
0.530789
0.497254
0.538669
0.480301
0.501766
0.488542
0.509419
0.497661
0.519176
0.496623
0.521832
0.535337
0.483813
0.47404
0.503202
0.525155
0.463346
0.473494
0.450636
0.460879
0.510709
0.506366
0.529996
0.503453
0.497168
0.530776
0.471708
0.532975
0.514479
0.513561
0.46784
0.481768
0.540478
0.510538
0.514816
0.522935
0.512504
0.479443
0.536133
0.518767
0.513014
0.5299
0.509469
0.503377
0.461774
0.474813
0.502546
0.443939
0.50899
0.48755
0.482133
0.514904
0.50377
0.519285
0.520553
0.519576
0.512277
0.47089
0.494082
0.503404
0.48996
0.503741
0.507596
0.483391
0.472225
0.473807
0.449868
0.537973
0.527934
0.503416
0.493862
0.491754
0.5401
0.525059
0.496418
0.499468
0.548153
0.561602
0.501697
0.52355
0.506152
0.537301
0.512756
0.489677
0.541326
0.543975
0.535639
0.464672
0.477302
0.546724
0.590347
0.541126
0.476416
0.463559
0.443076
0.503132
0.485461
0.453328
0.504075
0.527495
0.479267
0.496301
0.465533
0.534794
0.506468
0.511809
0.503832
0.494674
0.481855
0.477279
0.440577
0.459742
0.519658
0.553083
0.456745
0.502438
0.512168
0.507533
0.554356
0.449265
0.508047
0.516429
0.460021
0.516743
0.48471
0.44152
0.474753
0.503468
0.499156
0.492254
0.504417
0.542651
0.481624
0.565198
0.435176
0.52951
0.516443
0.485492
0.478341
0.497886
0.524452
0.444729
0.498962
0.510469
0.471373
0.579617
0.502569
0.477
0.496505
0.485811
0.554413
0.524825
0.446108
0.511289
0.525595
0.526179
0.525872
0.463636
0.490457
0.486575
0.536822
0.505625
0.479601
0.478667
0.519048
0.533466
0.542928
0.485971
0.54764
0.492088
0.467053
0.500813
0.475182
0.461845
0.461481
0.460879
0.495206
0.541008
0.457925
0.528748
0.490958
0.558426
0.497122
0.47877
0.483871
0.530726
0.537544
0.505684
0.5161
0.48843
0.480366
0.529328
0.511511
0.485362
0.555063
0.459839
0.409495
0.505724
0.490026
0.467694
0.535966
0.493208
0.472555
0.502989
0.45595
0.486529
0.502618
0.49832
0.492104
0.545746
0.504738
0.499639
0.493568
0.48375
0.482397
0.509464
0.489513
0.487294
0.49932
0.466824
0.521754
0.461935
0.482017
0.468297
0.520818
0.475273
0.487969
0.454536
0.479836
0.482851
0.523812
0.476642
0.450619
0.511099
0.517914
0.46677
0.556325
0.521694
0.481708
0.527337
0.495056
0.501706
0.464163
0.503204
0.508791
0.543919
0.503758
0.491221
0.492003
0.441683
0.522351
0.511493
0.524362
0.482694
0.525297
0.544749
0.531878
0.53605
0.522211
0.530198
0.45086
0.456987
0.502731
0.558226
0.509088
0.463646
0.501672
0.482333
0.538544
0.470263
0.467942
0.514669
0.504094
0.521148
0.521581
0.519544
0.522496
0.499824
0.503325
0.5193
0.526099
0.487719
0.481046
0.496903
0.48562
0.56676
0.487448
0.53965
0.536365
0.500271
0.523411
0.498338
0.482272
0.516529
0.501332
0.486303
0.522153
0.499363
0.472854
0.472679
0.452509
0.520168
0.505362
0.524257
0.471289
0.505716
0.591604
0.500334
0.486973
0.466121
0.486826
0.524907
0.497353
0.497359
0.477792
0.540592
0.442388
0.522693
0.508065
0.538662
0.495498
0.527397
0.47392
0.519543
0.487692
0.481137
0.455267
0.498181
0.478884
0.532403
0.475959
0.548629
0.420788
0.479352
0.487866
0.542236
0.465752
0.501439
0.493072
0.553821
0.485923
0.476222
0.498588
0.510196
0.467106
0.485699
0.457955
0.475418
0.49169
0.476568
0.484097
0.447144
0.475033
0.558774
0.517816
0.488469
0.509656
0.516727
0.456292
0.469611
0.521644
0.467553
0.495969
0.493828
0.523616
0.500765
0.514205
0.491939
0.438638
0.503732
0.504051
0.539823
0.469468
0.4873
0.506544
0.473269
0.49749
0.495967
0.464878
0.49456
0.525721
0.476964
0.484846
0.455154
0.510271
0.472635
0.515907
0.498847
0.494618
0.460479
0.487266
0.499793
0.481086
0.525233
0.51334
0.529743
0.493892
0.41737
0.482981
0.458897
0.50814
0.512393
0.50684
0.464731
0.449142
0.495288
0.50723
0.503175
0.476428
0.464526
0.514884
0.516523
0.466837
0.469973
0.466968
0.492445
0.50105
0.439095
0.560729
0.46848
0.467945
0.45583
0.507153
0.486374
0.501153
0.4665
0.519009
0.470663
0.502182
0.497137
0.487654
0.425838
0.494494
0.456605
0.532963
0.496509
0.522896
0.479879
0.540787
0.444909
0.472635
0.505876
0.492274
0.450131
0.512563
0.524197
0.479472
0.51347
0.466752
0.455154
0.471545
0.49424
0.538922
0.517476
0.536018
0.47045
0.45408
0.508044
0.449393
0.548699
0.51172
0.438049
0.451533
0.467686
0.484977
0.499937
0.478174
0.509693
0.520099
0.449524
0.475956
0.514414
0.500616
0.47765
0.504328
0.479532
0.49059
0.525746
0.44872
0.512376
0.471298
0.4997
0.509349
0.517077
0.475749
0.486376
0.530031
0.541561
0.485393
0.477192
0.491384
0.468785
0.533403
0.523095
0.462783
0.516565
0.468906
0.505341
0.477455
0.530389
0.526533
0.476436
0.485085
0.483582
0.485669
0.455615
0.456303
0.499195
0.543774
0.513242
0.503429
0.46801
0.558152
0.458501
0.521862
0.527007
0.490543
0.524746
0.506467
0.482697
0.518909
0.496903
0.507355
0.493677
0.500796
0.505276
0.449422
0.496794
0.522639
0.540156
0.470016
0.51128
0.489399
0.451586
0.519124
0.505248
0.518879
0.508674
0.546436
0.518914
0.515136
0.502815
0.519669
0.558915
0.525318
0.499214
0.488534
0.468124
0.504337
0.481063
0.488701
0.485294
0.521737
0.490773
0.490157
0.498953
0.475128
0.492603
0.544321
0.509889
0.524577
0.541104
0.504297
0.506616
0.482311
0.489707
0.492627
0.4682
0.542127
0.503865
0.530941
0.4688
0.472866
0.483105
0.475863
0.488332
0.41034
0.506377
0.465543
0.553589
0.492079
0.495064
0.481214
0.524235
0.479275
0.468031
0.528118
0.458013
0.480297
0.503096
0.490207
0.489564
0.500159
0.499293
0.452965
0.497223
0.500302
0.46429
0.51875
0.452167
0.543081
0.501359
0.479014
0.514293
0.495317
0.470262
0.487788
0.489198
0.485305
0.466417
0.570797
0.49064
0.497634
0.492744
0.49459
0.502852
0.480213
0.518542
0.540047
0.48708
0.497864
0.479785
0.574657
0.526732
0.506866
0.475214
0.517917
0.555498
0.464819
0.502584
0.434254
0.492831
0.550201
0.489465
0.467825
0.491149
0.54601
0.512946
0.503574
0.529148
0.481839
0.502642
0.538931
0.525585
0.468782
0.54136
0.500517
0.507923
0.521532
0.507805
0.480231
0.5402
0.552058
0.48571
0.485103
0.4745
0.439223
0.493744
0.495276
0.49041
0.478725
0.490603
0.474504
0.536818
0.49774
0.499623
0.537525
0.470451
0.518632
0.487326
0.478705
0.495514
0.496111
0.430246
0.516309
0.438802
0.462219
0.534426
0.496785
0.504672
0.463504
0.501955
0.523433
0.474238
0.484773
0.548919
0.543831
0.443176
0.523791
0.489146
0.500398
0.5225
0.4913
0.498115
0.508467
0.526701
0.49074
0.51141
0.526243
0.513601
0.472034
0.532082
0.541018
0.530327
0.49383
0.471309
0.516022
0.529747
0.45856
0.48672
0.492289
0.521773
0.474693
0.512761
0.479898
0.533885
0.51057
0.517472
0.49298
0.44526
0.464176
0.510064
0.462862
0.468883
0.523241
0.453652
0.523715
0.476002
0.530034
0.537538
0.485088
0.477326
0.525235
0.503403
0.495704
0.465312
0.505246
0.479794
0.532893
0.531942
0.537331
0.519276
0.492027
0.426345
0.496952
0.492626
0.500346
0.486652
0.471675
0.494439
0.469543
0.480456
0.506023
0.474531
0.54148
0.528244
0.511657
0.479504
0.551422
0.53419
0.497248
0.488853
0.513144
0.488673
0.50242
0.499988
0.530308
0.486895
0.480149
0.47655
0.478471
0.507986
0.551978
0.54439
0.502101
0.498955
0.510427
0.509589
0.47098
0.527874
0.49298
0.542897
0.460366
0.460659
0.482019
0.534962
0.479291
0.505841
0.495078
0.486721
0.491367
0.49168
0.479796
0.509335
0.502477
0.500011
0.467938
0.488045
0.489728
0.491196
0.512873
0.51431
0.476034
0.524548
0.524862
0.470615
0.484715
0.448619
0.438553
0.482322
0.508476
0.495706
0.467044
0.560936
0.527148
0.564965
0.466891
0.523159
0.50856
0.548506
0.548447
0.510111
0.456931
0.514836
0.555885
0.4911
0.55313
0.524035
0.461307
0.496293
0.461214
0.489033
0.527289
0.462692
0.495588
0.487369
0.492259
0.507767
0.463178
0.507797
0.493058
0.535135
0.484994
0.496127
0.469091
0.466654
0.521443
0.494666
0.502409
0.515305
0.465785
0.489641
0.468123
0.493246
0.470099
0.500967
0.569513
0.449399
0.488124
0.438757
0.472208
0.530961
0.499372
0.490924
0.481813
0.463199
0.478868
0.536264
0.469361
0.49192
0.456903
0.447399
0.55896
0.522969
0.513168
0.537938
0.522012
0.433158
0.459657
0.498253
0.452381
0.516973
0.46669
0.52422
0.496882
0.493454
0.506461
0.493331
0.455469
0.497616
0.49846
0.522516
0.525491
0.530784
0.491161
0.47208
0.474399
0.494219
0.474338
0.510119
0.505278
0.440407
0.456404
0.51178
0.549568
0.526402
0.501114
0.517762
0.511363
0.463567
0.568051
0.47641
0.477658
0.478116
0.471227
0.503793
0.498917
0.446824
0.550209
0.476134
0.494332
0.532272
0.468117
0.47897
0.456169
0.532013
0.480891
0.507413
0.487544
0.506023
0.502191
0.501892
0.508035
0.466824
0.4283
0.563745
0.531482
0.516647
0.487424
0.485045
0.450366
0.536008
0.497738
0.517023
0.511133
0.478074
0.468578
0.491477
0.464833
0.513204
0.519138
0.569527
0.527473
0.458021
0.499051
0.442101
0.444423
0.523404
0.45523
0.49653
0.493284
0.485769
0.509346
0.503614
0.539571
0.536024
0.560315
0.529544
0.479593
0.530551
0.486169
0.497053
0.524911
0.478618
0.449685
0.490173
0.492737
0.540572
0.512153
0.516966
0.506657
0.491204
0.489649
0.504609
0.492054
0.492653
0.536199
0.511212
0.5106
0.471224
0.478195
0.538736
0.498199
0.5225
0.504453
0.511388
0.520744
0.54912
0.556275
0.483874
0.552084
0.475595
0.501901
0.463877
0.498552
0.544545
0.499714
0.493139
0.494444
0.508719
0.564589
0.491523
0.532826
0.483192
0.481743
0.458427
0.546026
0.512091
0.522474
0.47593
0.560212
0.46425
0.506159
0.538033
0.468406
0.49214
0.482889
0.57039
0.516327
0.498484
0.521109
0.504882
0.495428
0.484896
0.454646
0.483429
0.547508
0.476945
0.523498
0.505396
0.51527
0.450009
0.472755
0.472984
0.493197
0.440295
0.514028
0.428976
0.493135
0.465396
0.493769
0.481203
0.508938
0.458769
0.502848
0.468121
0.524567
0.502503
0.481761
0.509867
0.510008
0.432751
0.49585
0.48916
0.539389
0.512205
0.544913
0.496443
0.515668
0.483985
0.541566
0.523617
0.47627
0.531322
0.512745
0.540759
0.534042
0.507402
0.498712
0.490196
0.497915
0.48976
0.513957
0.522301
0.537623
0.463578
0.454343
0.497396
0.536883
0.468284
0.534903
0.498138
0.519392
0.541813
0.512635
0.496748
0.482022
0.516909
0.508686
0.511476
0.529583
0.513842
0.524298
0.506673
0.47554
0.493919
0.504883
0.510828
0.503049
0.50816
0.506611
0.486976
0.490691
0.495512
0.459886
0.459817
0.527276
0.484982
0.494075
0.443953
0.500095
0.526064
0.517878
0.477597
0.531
0.511822
0.459704
0.526132
0.514673
0.509028
0.492431
0.499907
0.503471
0.539702
0.52693
0.490631
0.523218
0.478451
0.438722
0.510745
0.504321
0.509977
0.51214
0.500151
0.492581
0.491115
0.526384
0.484666
0.424074
0.541799
0.517831
0.490582
0.488487
0.499308
0.472979
0.529706
0.455269
0.470191
0.506401
0.509247
0.546981
0.494218
0.478089
0.510937
0.464218
0.514759
0.53455
0.473757
0.516484
0.459949
0.488042
0.494635
0.533379
0.519019
0.54832
0.511505
0.470491
0.508168
0.48126
0.473085
0.45436
0.470353
0.468752
0.469773
0.490884
0.523368
0.494225
0.560004
0.451552
0.540592
0.528173
0.496475
0.491872
0.47877
0.458081
0.556589
0.536374
0.507222
0.507099
0.501512
0.594557
0.482833
0.555854
0.488196
0.562157
0.475214
0.541775
0.558767
0.492122
0.526402
0.500297
0.481635
0.509644
0.49948
0.492331
0.508711
0.485651
0.490479
0.502365
0.503099
0.463117
0.527956
0.501571
0.471644
0.520567
0.534608
0.500307
0.50671
0.487156
0.545304
0.474373
0.531556
0.483697
0.535903
0.489394
0.513698
0.514009
0.447248
0.507732
0.560615
0.440962
0.488687
0.56226
0.502196
0.521598
0.535526
0.481416
0.504279
0.475694
0.494759
0.529876
0.487671
0.48215
0.533474
0.489248
0.557031
0.457576
0.524293
0.503146
0.493966
0.471446
0.532231
0.51102
0.408746
0.482207
0.487349
0.455131
0.424982
0.478701
0.477567
0.505023
0.531675
0.441293
0.536024
0.523892
0.506974
0.507064
0.537346
0.461206
0.508057
0.47346
0.497216
0.475964
0.461475
0.494751
0.489599
0.524964
0.518359
0.5057
0.476019
0.490454
0.508849
0.556794
0.451238
0.541545
0.560135
0.48543
0.489741
0.473758
0.482465
0.517418
0.517378
0.511082
0.477517
0.543186
0.462549
0.524912
0.493494
0.533049
0.541304
0.514256
0.521323
0.535938
0.490736
0.511564
0.496336
0.525938
0.505042
0.468579
0.509798
0.491031
0.528615
0.466566
0.494671
0.538413
0.530569
0.485301
0.529975
0.480748
0.475037
0.455199
0.508132
0.50776
0.461648
0.496947
0.509661
0.507504
0.460536
0.503022
0.499604
0.451725
0.586276
0.465474
0.450052
0.559657
0.515096
0.484338
0.483152
0.424642
0.499772
0.491057
0.448967
0.507953
0.466547
0.541295
0.492567
0.524184
0.48848
0.461499
0.534715
0.482588
0.549579
0.513606
0.480543
0.528742
0.5141
0.472259
0.550575
0.540901
0.55539
0.488898
0.488477
0.525432
0.478645
0.507121
0.469916
0.515688
0.481955
0.523677
0.486893
0.428714
0.500021
0.459468
0.491932
0.49414
0.504912
0.474934
0.496493
0.489654
0.498234
0.494201
0.497999
0.527415
0.499093
0.482361
0.479829
0.455798
0.482222
0.540264
0.518671
0.470823
0.510654
0.431196
0.463605
0.521672
0.497306
0.503811
0.491285
0.504641
0.499855
0.575702
0.521603
0.489918
0.443279
0.491983
0.498203
0.535558
0.474446
0.553254
0.468229
0.493036
0.473106
0.477324
0.485672
0.498737
0.513689
0.469071
0.482693
0.475773
0.512257
0.482811
0.493311
0.500504
0.493003
0.541553
0.433803
0.518119
0.458663
0.477513
0.504225
0.49167
0.479225
0.47826
0.495394
0.528934
0.463297
0.502877
0.505741
0.481463
0.486516
0.552504
0.472377
0.560209
0.49138
0.499638
0.500773
0.5221
0.472866
0.540574
0.517412
0.461934
0.454212
0.48535
0.509802
0.533973
0.477247
0.459581
0.51821
0.487607
0.491629
0.492548
0.423499
0.531468
0.53738
0.445928
0.485456
0.500361
0.455083
0.51753
0.505954
0.499402
0.548125
0.494411
0.54136
0.469717
0.511348
0.489767
0.458539
0.500094
0.510502
0.477937
0.488834
0.478959
0.486851
0.521939
0.514402
0.451046
0.461334
0.527872
0.481284
0.47314
0.502629
0.520592
0.48357
0.513268
0.483517
0.465013
0.443046
0.507711
0.549909
0.507423
0.498694
0.470215
0.546912
0.501183
0.470425
0.507771
0.456315
0.501187
0.481407
0.527348
0.529863
0.511455
0.473378
0.497944
0.552698
0.540236
0.529312
0.522333
0.471343
0.476998
0.48781
0.442887
0.470594
0.495674
0.453596
0.525848
0.573719
0.498547
0.458497
0.508414
0.560303
0.535142
0.447265
0.483029
0.506149
0.510502
0.52264
0.513248
0.459593
0.517229
0.494008
0.475535
0.4886
0.50565
0.514039
0.491402
0.483039
0.516503
0.547683
0.464233
0.486489
0.520506
0.55789
0.485183
0.481969
0.469175
0.522432
0.482523
0.455953
0.471293
0.496211
0.498813
0.505054
0.519377
0.513414
0.450267
0.509745
0.460534
0.493895
0.53269
0.499506
0.516077
0.498171
0.528365
0.483748
0.534273
0.53538
0.498261
0.532916
0.490608
0.508612
0.483939
0.494123
0.519925
0.471952
0.533527
0.475706
0.464832
0.523631
0.49615
0.515073
0.504743
0.479667
0.48917
0.534211
0.519921
0.532338
0.482639
0.437241
0.524919
0.537904
0.515307
0.524386
0.495768
0.497922
0.516592
0.476727
0.445306
0.47854
0.488865
0.536134
0.511019
0.482145
0.484431
0.464729
0.44976
0.485744
0.511588
0.458267
0.513734
0.530444
0.484128
0.537815
0.452114
0.50641
0.488663
0.514084
0.522671
0.507679
0.524148
0.488815
0.547779
0.511202
0.537973
0.527575
0.469194
0.504487
0.43301
0.518341
0.515957
0.556226
0.499973
0.480257
0.46981
0.504272
0.509483
0.486927
0.462496
0.525339
0.478198
0.478626
0.509323
0.470819
0.473397
0.497801
0.513357
0.503064
0.480385
0.49224
0.494625
0.476529
0.477087
0.540279
0.488711
0.488145
0.490229
0.492426
0.509099
0.491285
0.457454
0.513779
0.507663
0.507722
0.469763
0.511607
0.487657
0.481933
0.558659
0.52247
0.493596
0.542129
0.542355
0.493263
0.492397
0.502399
0.525438
0.530538
0.530146
0.500319
0.516343
0.492508
0.468888
0.504426
0.487041
0.488078
0.517793
0.455914
0.529282
0.5173
0.443081
0.528936
0.481799
0.497616
0.49109
0.503881
0.492825
0.520268
0.508841
0.448014
0.482313
0.551249
0.516503
0.497831
0.468226
0.51117
0.476104
0.497527
0.531271
0.538418
0.500887
0.527942
0.442465
0.509976
0.569667
0.490354
0.487886
0.464295
0.460581
0.509511
0.515005
0.51057
0.468593
0.470254
0.514964
0.48881
0.501131
0.46213
0.485169
0.495083
0.516245
0.47635
0.516593
0.506287
0.527635
0.499482
0.460139
0.45885
0.490948
0.488242
0.546459
0.455716
0.485713
0.559769
0.50359
0.475992
0.487272
0.551746
0.536787
0.541646
0.47311
0.47676
0.514937
0.505616
0.497938
0.505254
0.507905
0.515706
0.531911
0.521467
0.499218
0.488654
0.506357
0.476721
0.488434
0.498742
0.481391
0.534443
0.487593
0.495314
0.469787
0.521282
0.546107
0.453594
0.461487
0.498711
0.448476
0.463163
0.533117
0.519482
0.489204
0.518482
0.486892
0.513307
0.479282
0.465831
0.513276
0.506145
0.488623
0.521031
0.441779
0.497462
0.488812
0.512345
0.474268
0.439856
0.510566
0.472908
0.485149
0.455397
0.480251
0.497083
0.53283
0.503079
0.449858
0.495097
0.556798
0.471749
0.494796
0.480356
0.524719
0.522888
0.473884
0.473789
0.513918
0.487622
0.485912
0.489614
0.521618
0.582334
0.517157
0.506898
0.478317
0.53726
0.524209
0.501276
0.538671
0.50243
0.446507
0.471213
0.474265
0.475348
0.492941
0.513187
0.462642
0.534765
0.486898
0.500157
0.566967
0.454938
0.524139
0.487699
0.510701
0.524739
0.517866
0.462186
0.591659
0.455994
0.425364
0.515377
0.549831
0.485427
0.500588
0.509807
0.493332
0.504574
0.557079
0.459331
0.506865
0.532066
0.545567
0.52922
0.467072
0.542624
0.490658
0.500168
0.459139
0.497168
0.520954
0.500588
0.50904
0.468404
0.527011
0.431579
0.485785
0.516256
0.511483
0.47893
0.448064
0.527539
0.44584
0.446541
0.509634
0.524225
0.488039
0.535639
0.49786
0.514694
0.535511
0.53415
0.53975
0.522334
0.487848
0.500626
0.459883
0.505874
0.573563
0.517075
0.544593
0.545814
0.455293
0.47509
0.586793
0.491345
0.457833
0.529642
0.525801
0.522107
0.433354
0.50491
0.496558
0.44919
0.488209
0.536536
0.492599
0.559728
0.505672
0.474661
0.497168
0.519479
0.499009
0.492136
0.516832
0.467752
0.529241
0.512264
0.48199
0.509069
0.511983
0.51047
0.488629
0.455926
0.487725
0.454249
0.465732
0.547034
0.489941
0.495794
0.48268
0.47541
0.495393
0.531651
0.541047
0.470706
0.511007
0.493801
0.445153
0.510132
0.471692
0.466527
0.525749
0.50236
0.523494
0.573449
0.52122
0.498783
0.486431
0.499101
0.510661
0.526504
0.541411
0.509421
0.523224
0.517424
0.525598
0.475534
0.538089
0.517812
0.47059
0.505202
0.519457
0.492726
0.477804
0.486313
0.510916
0.539668
0.495434
0.446786
0.513575
0.515831
0.501344
0.475272
0.502326
0.533342
0.486302
0.467011
0.464624
0.506841
0.52189
0.519239
0.486146
0.487795
0.537507
0.510509
0.497709
0.459926
0.460804
0.518299
0.447826
0.440096
0.475948
0.509291
0.515271
0.499067
0.534081
0.536689
0.496027
0.506476
0.540357
0.478952
0.468998
0.474417
0.481915
0.50432
0.504848
0.494003
0.481184
0.465503
0.492361
0.529283
0.498884
0.538915
0.456672
0.562881
0.561095
0.462823
0.49377
0.547745
0.524774
0.498784
0.505633
0.539374
0.5261
0.460748
0.520363
0.472891
0.466011
0.48621
0.471721
0.529357
0.47731
0.463768
0.46241
0.475677
0.517731
0.501476
0.535497
0.552491
0.49331
0.490364
0.508349
0.514417
0.50647
0.5075
0.513442
0.457021
0.523166
0.482963
0.500446
0.454895
0.533481
0.505112
0.533929
0.505205
0.490049
0.498517
0.49108
0.511102
0.468668
0.508939
0.543818
0.479356
0.525492
0.499712
0.48965
0.526596
0.56516
0.493931
0.48568
0.528526
0.534264
0.476796
0.56011
0.456496
0.494495
0.452501
0.465642
0.4658
0.469877
0.530037
0.539128
0.510084
0.482439
0.542292
0.54186
0.496221
0.530711
0.462805
0.544871
0.524052
0.455423
0.504574
0.513614
0.535343
0.516767
0.485274
0.496413
0.486359
0.487613
0.503262
0.511032
0.488404
0.467046
0.498758
0.493771
0.500721
0.478597
0.484557
0.455433
0.540122
0.457552
0.500664
0.518561
0.491719
0.531702
