1.2
1.20132
1.20275
1.20422
1.20575
1.20732
1.20895
1.21062
1.21235
1.21413
1.21597
1.21785
1.21979
1.22178
1.22381
1.22588
1.22798
1.2301
1.23224
1.23436
1.23645
1.23848
1.24042
1.24222
1.24385
1.24524
1.24637
1.24718
1.24769
1.24789
1.24787
1.24773
1.2476
1.24762
1.24784
1.24826
1.24878
1.24923
1.2495
1.24955
1.24946
1.24951
1.25007
1.25149
1.25404
1.25778
1.26253
1.26794
1.2736
1.27916
1.28435
1.28906
1.29326
1.297
1.30038
1.3035
1.30644
1.30929
1.31208
1.31482
1.31747
1.32001
1.32234
1.3244
1.32611
1.32737
1.32811
1.32825
1.32771
1.32646
1.32446
1.32172
1.3183
1.31428
1.30983
1.30513
1.30043
1.29598
1.29205
1.2889
1.28679
1.28594
1.28649
1.28852
1.29201
1.29682
1.30271
1.30936
1.31636
1.32324
1.32951
1.33461
1.33802
1.33927
1.33809
1.33465
1.32985
1.32543
1.32349
1.32537
1.33079
1.33813
1.34544
1.35143
1.35558
1.35791
1.35868
1.35818
1.35666
1.35426
1.35108
1.34722
1.34277
1.33791
1.33297
1.32839
1.32474
1.32256
1.32221
1.32366
1.32651
1.33014
1.33389
1.33725
1.33994
1.34185
1.34302
1.34358
1.34368
1.34347
1.34307
1.34257
1.34204
1.34149
1.34091
1.34027
1.33952
1.33865
1.33765
1.33653
1.33531
1.33405
1.33278
1.33152
1.33026
1.32894
1.32746
1.32572
1.32369
1.32144
1.31927
1.3176
1.31698
1.31781
1.32017
1.32381
1.32822
1.33286
1.3373
1.34127
1.34467
1.34746
1.34968
1.35134
1.35249
1.35316
1.35341
1.3533
1.35292
1.3524
1.35186
1.35143
1.35124
1.35138
1.3519
1.35283
1.35413
1.35571
1.35734
1.35871
1.35937
1.35883
1.35659
1.35231
1.34601
1.33837
1.33091
1.32578
1.32489
1.32882
1.33649
1.34587
1.35501
1.36262
1.36806
1.37115
1.37202
1.37105
1.3689
1.36647
1.36474
1.3644
1.36561
1.36796
1.37077
1.37343
1.37556
1.37706
1.37801
1.37853
1.37873
1.37862
1.37814
1.37717
1.37558
1.37325
1.37011
1.36618
1.3616
1.35661
1.35157
1.34693
1.34312
1.34049
1.33926
1.33941
1.34077
1.34307
1.34603
1.34941
1.35308
1.35691
1.36078
1.36446
1.36768
1.37015
1.37161
1.37188
1.37088
1.36859
1.36495
1.3598
1.35293
1.34448
1.33559
1.32882
1.32736
1.33271
1.34329
1.35562
1.3667
1.37512
1.38073
1.384
1.38551
1.38578
1.38519
1.38408
1.38266
1.38113
1.37964
1.37831
1.37718
1.37627
1.37552
1.37483
1.37409
1.37315
1.37189
1.37019
1.36799
1.36528
1.36208
1.35851
1.35476
1.35106
1.34766
1.34483
1.34278
1.3416
1.34127
1.34166
1.34252
1.34362
1.34473
1.34568
1.34639
1.34683
1.34701
1.347
1.34687
1.34671
1.34661
1.34663
1.34681
1.34716
1.34766
1.34827
1.34892
1.34956
1.35014
1.35061
1.35097
1.35118
1.35125
1.3512
1.35102
1.35075
1.35038
1.34995
1.34945
1.34892
1.34835
1.34777
1.34718
1.34659
1.34601
1.34544
1.34489
1.34436
1.34387
1.3434
1.34297
1.34257
1.34221
1.34187
1.34155
1.34124
1.34092
1.34057
1.34016
1.33968
1.33907
1.3383
1.33735
1.33617
1.33475
1.3331
1.33124
1.32925
1.3272
1.32523
1.32345
1.32195
1.32077
1.31989
1.31925
1.31878
1.31841
1.31809
1.31783
1.31769
1.31775
1.3181
1.31884
1.32001
1.32165
1.32371
1.32612
1.32877
1.33152
1.33425
1.33684
1.3392
1.34126
1.34298
1.34434
1.34531
1.34588
1.34606
1.34582
1.34517
1.34411
1.34267
1.3409
1.33891
1.33683
1.33481
1.33305
1.3317
1.33089
1.33069
1.3311
1.33206
1.33344
1.33508
1.33683
1.33854
1.34012
1.34153
1.34272
1.34368
1.3444
1.34481
1.34488
1.34456
1.34385
1.34279
1.34147
1.34005
1.33868
1.33751
1.33666
1.33615
1.33595
1.336
1.33619
1.33646
1.3368
1.33721
1.33776
1.33847
1.33934
1.34032
1.34132
1.34223
1.34297
1.34351
1.34386
1.34409
1.34425
1.3444
1.34451
1.34456
1.34451
1.34441
1.34436
1.34454
1.34515
1.34635
1.3482
1.35068
1.35361
1.35681
1.36003
1.36309
1.36583
1.36818
1.37013
1.37172
1.37301
1.37408
1.37502
1.37589
1.37675
1.37763
1.37855
1.37948
1.3804
1.38127
1.38201
1.38256
1.38283
1.38274
1.3822
1.38112
1.37946
1.37724
1.37457
1.37167
1.36894
1.36679
1.36558
1.36544
1.36616
1.36725
1.36804
1.36791
1.36638
1.36328
1.35876
1.35338
1.34809
1.34398
1.34205
1.34271
1.34559
1.34968
1.35376
1.35683
1.35848
1.35889
1.35875
1.35898
1.36029
1.36291
1.36654
1.37053
1.37427
1.37737
1.37976
1.38158
1.38308
1.38445
1.38578
1.38697
1.38783
1.38812
1.38765
1.38628
1.38403
1.38103
1.37755
1.37394
1.37059
1.36779
1.36569
1.36423
1.36325
1.36255
1.36197
1.36147
1.36111
1.36101
1.36131
1.36211
1.36347
1.36536
1.36767
1.37021
1.37278
1.37519
1.37727
1.37891
1.38005
1.38066
1.38073
1.38029
1.37935
1.37796
1.37617
1.37403
1.37162
1.36903
1.36636
1.3637
1.36115
1.35879
1.35666
1.35477
1.35311
1.35161
1.35022
1.34891
1.34764
1.34646
1.34544
1.34467
1.34426
1.34428
1.34475
1.34561
1.34677
1.34809
1.34942
1.35066
1.35173
1.3526
1.35324
1.3537
1.35399
1.35417
1.35427
1.35434
1.35442
1.35453
1.3547
1.35496
1.35532
1.35578
1.35635
1.35702
1.35779
1.35863
1.35953
1.36045
1.36138
1.36226
1.36307
1.36374
1.36424
1.36452
1.36452
1.36423
1.36365
1.36283
1.36189
1.36099
1.36033
1.3601
1.36042
1.36128
1.36254
1.36399
1.36537
1.36643
1.36699
1.36692
1.36613
1.36457
1.36221
1.35906
1.35528
1.35128
1.34781
1.34583
1.34623
1.34936
1.35483
1.36168
1.36882
1.37543
1.38103
1.38545
1.38872
1.39093
1.39223
1.39275
1.39264
1.39203
1.39109
1.38995
1.38877
1.38765
1.38664
1.38572
1.38477
1.3836
1.38196
1.37957
1.37608
1.3712
1.36465
1.35635
1.34656
1.33615
1.32673
1.32029
1.3184
1.32135
1.32801
1.3366
1.34554
1.35388
1.36117
1.36732
1.37239
1.37649
1.3797
1.38212
1.38379
1.38478
1.38509
1.38476
1.38381
1.38224
1.38009
1.3774
1.37424
1.37073
1.36701
1.36331
1.35988
1.357
1.35493
1.35382
1.35375
1.3546
1.35618
1.35822
1.36047
1.36271
1.36477
1.36657
1.36803
1.36912
1.3698
1.37004
1.36981
1.36912
1.368
1.36658
1.36507
1.36372
1.36283
1.3626
1.36309
1.36419
1.36564
1.36714
1.36843
1.36934
1.36981
1.36992
1.3698
1.36967
1.36971
1.37012
1.37105
1.37253
1.37455
1.37696
1.37958
1.38218
1.38454
1.3865
1.38793
1.38874
1.38888
1.38835
1.38712
1.38522
1.38268
1.37959
1.37607
1.3723
1.36851
1.36493
1.36183
1.35941
1.3578
1.35701
1.35691
1.3573
1.35793
1.35863
1.35928
1.3599
1.36054
1.36128
1.36217
1.36323
1.36442
1.36569
1.36698
1.36823
1.36948
1.37078
1.37225
1.37399
1.37605
1.37838
1.38082
1.38312
1.38501
1.38621
1.38651
1.38581
1.38417
1.38185
1.37931
1.37714
1.37593
1.37602
1.37737
1.3796
1.38215
1.38452
1.38636
1.38752
1.38797
1.38782
1.38717
1.38617
1.38492
1.38351
1.38202
1.3805
1.379
1.37757
1.37626
1.37513
1.37422
1.3736
1.37331
1.37336
1.37377
1.37452
1.3756
1.37694
1.37848
1.3801
1.38168
1.38309
1.38418
1.3848
1.38486
1.38428
1.38304
1.3812
1.3789
1.37637
1.37393
1.37196
1.37076
1.37049
1.37102
1.37201
1.37302
1.37362
1.3736
1.3729
1.37163
1.37001
1.36825
1.36653
1.36498
1.36369
1.36274
1.36215
1.36195
1.3621
1.36251
1.36302
1.36345
1.36361
1.36337
1.3627
1.36167
1.36044
1.35928
1.35847
1.35823
1.35869
1.35985
1.36158
1.36365
1.36581
1.36782
1.36949
1.3707
1.3714
1.3716
1.37134
1.37067
1.36964
1.36831
1.36673
1.36496
1.36307
1.36117
1.35937
1.35781
1.35664
1.356
1.35599
1.35666
1.35795
1.35978
1.36195
1.36427
1.36651
1.36849
1.37005
1.37108
1.3715
1.3713
1.3705
1.36916
1.36742
1.36542
1.36335
1.36138
1.35966
1.35823
1.35704
1.35596
1.35481
1.35345
1.35184
1.35013
1.3487
1.348
1.34845
1.35016
1.35289
1.3561
1.35918
1.36164
1.36318
1.36368
1.36322
1.36197
1.36016
1.35804
1.35586
1.35379
1.35193
1.35029
1.34885
1.34756
1.34642
1.34551
1.34496
1.34491
1.34546
1.3466
1.34823
1.35016
1.35215
1.354
1.35556
1.35676
1.35759
1.35811
1.35843
1.35866
1.35893
1.3593
1.35983
1.36049
1.3612
1.36186
1.36232
1.36246
1.36214
1.36127
1.35975
1.35757
1.35478
1.3515
1.34801
1.34466
1.34186
1.33995
1.33909
1.33924
1.34019
1.34167
1.3435
1.34557
1.34787
1.35038
1.3531
1.35596
1.35886
1.36169
1.36433
1.36669
1.36869
1.37026
1.37132
1.37179
1.37159
1.37065
1.36894
1.36648
1.36344
1.36007
1.3568
1.35407
1.3522
1.35135
1.35137
1.35195
1.35273
1.35342
1.35389
1.3541
1.35414
1.35414
1.35423
1.3545
1.35501
1.35578
1.35678
1.35794
1.35919
1.36044
1.36161
1.36264
1.36349
1.36415
1.36462
1.36493
1.36513
1.36526
1.36538
1.36553
1.36576
1.36608
1.36652
1.36705
1.36767
1.36834
1.36905
1.36977
1.37045
1.37106
1.37159
1.37199
1.37223
1.37229
1.37212
1.3717
1.371
1.36999
1.36868
1.36707
1.3652
