1.7076
1.70749
1.70748
1.70747
1.70746
1.70744
1.70742
1.70741
1.70739
1.70739
1.70738
1.70736
1.70735
1.70735
1.70734
1.70733
1.70732
1.70732
1.70731
1.7073
1.70731
1.70731
1.70733
1.70735
1.70738
1.70742
1.70747
1.70751
1.70755
1.70759
1.70761
1.70762
1.70761
1.70758
1.70756
1.70753
1.70753
1.70755
1.70758
1.70762
1.70763
1.70757
1.70747
1.7073
1.70712
1.70696
1.70683
1.70677
1.70676
1.7068
1.70685
1.70693
1.70701
1.70707
1.70711
1.70715
1.70715
1.70717
1.70718
1.7072
1.70721
1.70724
1.70728
1.70732
1.70739
1.70747
1.70755
1.70764
1.70775
1.70786
1.70797
1.70808
1.70819
1.70827
1.70832
1.70834
1.70832
1.70826
1.70816
1.70802
1.70784
1.70763
1.70742
1.7072
1.70699
1.7068
1.70667
1.70658
1.70656
1.70662
1.70675
1.70698
1.70726
1.70761
1.70798
1.70826
1.70834
1.70811
1.7076
1.70699
1.70657
1.70644
1.70656
1.70683
1.70712
1.70737
1.70758
1.70775
1.70789
1.70801
1.70811
1.70822
1.70828
1.70832
1.7083
1.7082
1.708
1.70774
1.70746
1.70722
1.70705
1.707
1.70703
1.70711
1.70721
1.70733
1.70742
1.70751
1.70757
1.70761
1.70764
1.70764
1.70765
1.70765
1.70765
1.70767
1.70769
1.7077
1.70773
1.70774
1.70774
1.70775
1.70775
1.70775
1.70777
1.70779
1.70782
1.70787
1.70792
1.70793
1.70789
1.70777
1.70757
1.70734
1.70712
1.70697
1.70689
1.70689
1.70695
1.70704
1.70714
1.70723
1.70732
1.7074
1.70748
1.70755
1.70761
1.70765
1.70767
1.70768
1.70767
1.70763
1.70759
1.70754
1.70748
1.70741
1.70736
1.70732
1.70733
1.7074
1.70755
1.70778
1.70806
1.70837
1.70864
1.70875
1.70855
1.70802
1.70729
1.70661
1.70621
1.70612
1.70629
1.70658
1.70693
1.70728
1.70758
1.70781
1.70792
1.70787
1.7077
1.70746
1.70725
1.70713
1.70712
1.70718
1.70728
1.70737
1.70744
1.70751
1.70755
1.70761
1.70766
1.70774
1.70785
1.70796
1.7081
1.70821
1.70829
1.70832
1.7083
1.70822
1.70806
1.70786
1.70764
1.70745
1.70729
1.70717
1.7071
1.70705
1.70702
1.707
1.70701
1.70705
1.70715
1.70729
1.70747
1.70765
1.70783
1.70803
1.70824
1.70848
1.70875
1.70893
1.70882
1.70823
1.70724
1.70627
1.70576
1.70578
1.70611
1.70655
1.70694
1.70724
1.70745
1.7076
1.7077
1.70775
1.70778
1.70778
1.70777
1.70774
1.70771
1.70769
1.70768
1.70768
1.7077
1.70774
1.7078
1.70787
1.70795
1.70802
1.70809
1.70812
1.70813
1.70809
1.70802
1.70791
1.70777
1.70764
1.70752
1.70743
1.70737
1.70736
1.70737
1.70738
1.70743
1.70746
1.7075
1.70752
1.70753
1.70754
1.70753
1.70751
1.70748
1.70746
1.70745
1.70743
1.70743
1.70744
1.70745
1.70746
1.70748
1.7075
1.70753
1.70755
1.70756
1.70758
1.70758
1.70759
1.70759
1.7076
1.70761
1.70762
1.70762
1.70762
1.70762
1.70761
1.7076
1.7076
1.7076
1.70761
1.70761
1.70759
1.70759
1.70759
1.70758
1.70759
1.70759
1.7076
1.70761
1.70762
1.70764
1.70768
1.7077
1.70774
1.70778
1.70782
1.70785
1.70786
1.70786
1.70783
1.70779
1.70773
1.70769
1.70764
1.70761
1.70758
1.70757
1.70757
1.70755
1.70753
1.7075
1.70745
1.70739
1.70733
1.70726
1.7072
1.70716
1.70714
1.70714
1.70715
1.70718
1.70722
1.70727
1.70732
1.70738
1.70744
1.7075
1.70755
1.70763
1.70769
1.70775
1.70781
1.70785
1.70787
1.70787
1.70785
1.7078
1.70771
1.70763
1.70754
1.70746
1.70739
1.70734
1.70731
1.70732
1.70733
1.70735
1.7074
1.70743
1.70748
1.70751
1.70757
1.70763
1.70769
1.70774
1.70777
1.70779
1.7078
1.70777
1.70774
1.7077
1.70765
1.70761
1.70758
1.70756
1.70754
1.70753
1.7075
1.70748
1.70747
1.70745
1.70744
1.70745
1.70747
1.7075
1.70753
1.70756
1.70757
1.70758
1.70759
1.7076
1.70761
1.70762
1.70763
1.70761
1.70756
1.70746
1.70737
1.70727
1.70719
1.70713
1.70711
1.70712
1.70715
1.70721
1.70727
1.70734
1.70739
1.70743
1.70745
1.70747
1.70748
1.70747
1.70747
1.70746
1.70746
1.70746
1.70748
1.7075
1.70754
1.70758
1.70764
1.70772
1.70779
1.70789
1.70797
1.70803
1.70804
1.70798
1.70786
1.7077
1.70755
1.70744
1.70744
1.70754
1.70772
1.70795
1.70818
1.70836
1.70843
1.70832
1.70805
1.70768
1.7073
1.70704
1.70696
1.70706
1.70726
1.70748
1.70762
1.70763
1.70749
1.70729
1.7071
1.70701
1.70701
1.70708
1.7072
1.7073
1.70736
1.70739
1.7074
1.70742
1.70746
1.70753
1.70764
1.70777
1.70791
1.70804
1.70814
1.70817
1.70816
1.70809
1.708
1.70789
1.7078
1.70776
1.70772
1.70771
1.7077
1.70766
1.70761
1.70754
1.70746
1.70738
1.70731
1.70726
1.70725
1.70726
1.7073
1.70737
1.70745
1.70753
1.70761
1.70769
1.70776
1.70785
1.70791
1.70797
1.70802
1.70805
1.70808
1.70809
1.70809
1.70807
1.70802
1.70798
1.70794
1.70791
1.70788
1.70788
1.70787
1.70786
1.70784
1.70781
1.70776
1.7077
1.70764
1.70757
1.70752
1.70748
1.70746
1.70746
1.70748
1.7075
1.70753
1.70756
1.70759
1.7076
1.70761
1.70761
1.70762
1.70762
1.70761
1.7076
1.70758
1.70757
1.70754
1.70753
1.70752
1.7075
1.7075
1.70749
1.70748
1.70749
1.7075
1.70751
1.70753
1.70756
1.70759
1.70763
1.70767
1.70771
1.70774
1.70774
1.70771
1.70765
1.70757
1.70749
1.70742
1.70737
1.70736
1.7074
1.70746
1.70755
1.70766
1.70776
1.70789
1.70801
1.70812
1.70817
1.70815
1.70799
1.70769
1.70728
1.7069
1.70661
1.70649
1.70653
1.70665
1.70682
1.70701
1.70718
1.70734
1.70746
1.70756
1.70764
1.7077
1.70774
1.70775
1.70775
1.70773
1.70773
1.70772
1.70774
1.7078
1.70788
1.70802
1.70821
1.70845
1.70872
1.70897
1.70913
1.70911
1.7088
1.7082
1.70745
1.70679
1.70638
1.70623
1.70626
1.7064
1.70656
1.70674
1.70689
1.70703
1.70714
1.70725
1.70736
1.70747
1.70756
1.70766
1.70776
1.70785
1.70794
1.70802
1.70807
1.70811
1.70813
1.70811
1.70804
1.70794
1.70781
1.70767
1.70751
1.70739
1.7073
1.70726
1.70725
1.70727
1.70729
1.70733
1.70739
1.70745
1.70751
1.70758
1.70764
1.70771
1.70777
1.7078
1.7078
1.70775
1.70765
1.70754
1.70744
1.70737
1.70734
1.70735
1.7074
1.70747
1.70753
1.70759
1.70761
1.7076
1.70755
1.70748
1.7074
1.70731
1.70724
1.7072
1.70719
1.70721
1.70725
1.70733
1.70741
1.70752
1.70762
1.70772
1.70782
1.70792
1.70801
1.70808
1.70813
1.70816
1.70815
1.7081
1.708
1.70788
1.70776
1.70765
1.70755
1.70751
1.70748
1.70748
1.70749
1.70749
1.70749
1.70747
1.70744
1.70742
1.7074
1.70739
1.70739
1.7074
1.7074
1.70738
1.70733
1.70729
1.70724
1.70721
1.70722
1.70727
1.70736
1.70749
1.70763
1.70777
1.7079
1.70797
1.70795
1.70784
1.70767
1.70747
1.7073
1.70721
1.70721
1.70726
1.70735
1.70746
1.70756
1.70765
1.70772
1.70778
1.70781
1.70783
1.70784
1.70784
1.70784
1.70781
1.7078
1.70777
1.70774
1.70769
1.70764
1.70759
1.70754
1.70748
1.70744
1.70741
1.70739
1.70738
1.70741
1.70744
1.7075
1.70757
1.70767
1.70775
1.70785
1.70792
1.70797
1.70798
1.70795
1.70785
1.70772
1.70758
1.70749
1.70746
1.70749
1.70758
1.70769
1.70778
1.70785
1.70788
1.70789
1.70787
1.70783
1.70778
1.70772
1.70766
1.70761
1.70756
1.70754
1.70753
1.70756
1.7076
1.70767
1.70774
1.70779
1.70779
1.70776
1.70768
1.70757
1.70748
1.70738
1.70732
1.70729
1.7073
1.70734
1.70741
1.70748
1.70756
1.70763
1.7077
1.70776
1.7078
1.70785
1.70788
1.70791
1.70792
1.70792
1.7079
1.70785
1.70778
1.70769
1.70758
1.70748
1.70739
1.70731
1.70728
1.70726
1.7073
1.70735
1.70742
1.70751
1.7076
1.7077
1.70779
1.70786
1.70791
1.70792
1.70792
1.70789
1.70784
1.7078
1.70777
1.70777
1.70779
1.70783
1.70787
1.70785
1.70777
1.70762
1.70742
1.70723
1.70712
1.70711
1.70718
1.7073
1.70745
1.7076
1.70772
1.70782
1.70788
1.7079
1.70789
1.70786
1.70782
1.70779
1.70776
1.70774
1.70771
1.70767
1.7076
1.70752
1.70742
1.70734
1.70729
1.70727
1.70729
1.70733
1.70737
1.70742
1.70748
1.70751
1.70753
1.70753
1.70752
1.7075
1.70748
1.70747
1.70747
1.70749
1.70754
1.70761
1.70769
1.70778
1.70788
1.70797
1.70805
1.70809
1.70811
1.70807
1.70794
1.70779
1.70761
1.70747
1.70738
1.70733
1.70728
1.70725
1.70721
1.70718
1.70714
1.70713
1.70714
1.70717
1.70721
1.70726
1.70732
1.7074
1.70748
1.70758
1.70768
1.70779
1.70792
1.70802
1.70809
1.70811
1.70806
1.70796
1.70781
1.70766
1.70755
1.7075
1.70749
1.70752
1.70756
1.70759
1.70759
1.70758
1.70755
1.70752
1.70748
1.70745
1.70742
1.7074
1.70738
1.70738
1.7074
1.70744
1.70747
1.70751
1.70753
1.70754
1.70756
1.70757
1.70756
1.70756
1.70756
1.70754
1.70752
1.70752
1.70751
1.7075
1.7075
1.7075
1.70751
1.70753
1.70754
1.70757
1.7076
1.70763
1.70766
1.7077
1.70774
1.70779
1.70784
1.70788
1.70791
