1.8
1.80197
1.80412
1.80633
1.80862
1.81098
1.81342
1.81593
1.81853
1.8212
1.82395
1.82678
1.82969
1.83267
1.83571
1.83882
1.84197
1.84516
1.84835
1.85154
1.85468
1.85772
1.86063
1.86333
1.86577
1.86786
1.86955
1.87078
1.87153
1.87184
1.87181
1.87159
1.87141
1.87142
1.87176
1.87239
1.87316
1.87385
1.87426
1.87432
1.87419
1.87427
1.8751
1.87723
1.88107
1.88668
1.8938
1.90191
1.9104
1.91873
1.92653
1.93359
1.93989
1.94551
1.95057
1.95524
1.95966
1.96393
1.96812
1.97222
1.97621
1.98001
1.98351
1.98661
1.98916
1.99106
1.99217
1.99237
1.99157
1.98969
1.98669
1.98259
1.97745
1.97143
1.96474
1.9577
1.95064
1.94397
1.93807
1.93335
1.93019
1.92891
1.92973
1.93278
1.93801
1.94523
1.95406
1.96404
1.97453
1.98486
1.99426
2.00192
2.00703
2.00891
2.00714
2.00197
1.99477
1.98814
1.98523
1.98805
1.99619
2.00719
2.01817
2.02715
2.03337
2.03686
2.03802
2.03728
2.03498
2.03138
2.02662
2.02082
2.01415
2.00687
1.99945
1.99259
1.98711
1.98385
1.98331
1.98549
1.98977
1.99521
2.00084
2.00588
2.00991
2.01277
2.01453
2.01537
2.01552
2.0152
2.0146
2.01386
2.01306
2.01224
2.01137
2.0104
2.00928
2.00798
2.00648
2.00479
2.00297
2.00107
1.99917
1.99729
1.9954
1.99341
1.99119
1.98858
1.98553
1.98217
1.9789
1.97641
1.97548
1.97671
1.98026
1.98572
1.99234
1.9993
2.00595
2.01191
2.01701
2.0212
2.02452
2.02701
2.02873
2.02974
2.03011
2.02994
2.02938
2.0286
2.02779
2.02715
2.02686
2.02706
2.02785
2.02924
2.0312
2.03356
2.03601
2.03806
2.03906
2.03824
2.03489
2.02847
2.01902
2.00756
1.99636
1.98867
1.98733
1.99323
2.00474
2.0188
2.03251
2.04393
2.05209
2.05673
2.05803
2.05657
2.05335
2.04971
2.04711
2.0466
2.04841
2.05194
2.05616
2.06015
2.06334
2.06559
2.06701
2.0678
2.06809
2.06793
2.06721
2.06576
2.06337
2.05987
2.05516
2.04927
2.04239
2.03491
2.02736
2.0204
2.01468
2.01074
2.00888
2.00911
2.01116
2.01461
2.01904
2.02412
2.02962
2.03537
2.04116
2.04669
2.05152
2.05523
2.05741
2.05782
2.05632
2.05289
2.04743
2.0397
2.02939
2.01672
2.00338
1.99323
1.99104
1.99907
2.01493
2.03343
2.05006
2.06268
2.0711
2.076
2.07827
2.07866
2.07779
2.07611
2.07398
2.07169
2.06946
2.06746
2.06577
2.0644
2.06328
2.06225
2.06113
2.05972
2.05783
2.05529
2.05199
2.04791
2.04312
2.03777
2.03214
2.02658
2.02149
2.01725
2.01417
2.0124
2.01191
2.01249
2.01379
2.01543
2.0171
2.01853
2.01959
2.02024
2.02052
2.0205
2.0203
2.02006
2.01991
2.01994
2.02021
2.02074
2.02149
2.0224
2.02338
2.02434
2.02521
2.02592
2.02645
2.02677
2.02688
2.0268
2.02654
2.02612
2.02557
2.02492
2.02418
2.02338
2.02253
2.02166
2.02077
2.01988
2.01901
2.01815
2.01733
2.01654
2.0158
2.0151
2.01445
2.01386
2.01331
2.0128
2.01232
2.01185
2.01137
2.01085
2.01025
2.00951
2.0086
2.00746
2.00602
2.00425
2.00213
1.99965
1.99687
1.99387
1.9908
1.98785
1.98518
1.98292
1.98115
1.97983
1.97888
1.97818
1.97761
1.97713
1.97674
1.97653
1.97663
1.97716
1.97826
1.98002
1.98247
1.98556
1.98918
1.99315
1.99728
2.00138
2.00527
2.0088
2.01189
2.01447
2.0165
2.01796
2.01883
2.01909
2.01873
2.01775
2.01616
2.014
2.01136
2.00837
2.00524
2.00222
1.99957
1.99755
1.99633
1.99604
1.99665
1.99809
2.00015
2.00262
2.00524
2.00781
2.01019
2.01229
2.01408
2.01552
2.01659
2.01722
2.01732
2.01684
2.01577
2.01418
2.01221
2.01008
2.00802
2.00627
2.00499
2.00422
2.00393
2.004
2.00428
2.00469
2.0052
2.00582
2.00664
2.00771
2.00901
2.01049
2.01198
2.01334
2.01445
2.01526
2.01579
2.01613
2.01638
2.01659
2.01676
2.01683
2.01677
2.01662
2.01654
2.01681
2.01772
2.01952
2.02231
2.02601
2.03042
2.03521
2.04005
2.04463
2.04874
2.05227
2.0552
2.05758
2.05951
2.06112
2.06252
2.06383
2.06512
2.06645
2.06782
2.06922
2.0706
2.0719
2.07301
2.07384
2.07425
2.07411
2.07329
2.07168
2.0692
2.06586
2.06185
2.05751
2.05341
2.05018
2.04837
2.04816
2.04924
2.05087
2.05206
2.05186
2.04957
2.04491
2.03813
2.03008
2.02213
2.01598
2.01308
2.01406
2.01838
2.02452
2.03064
2.03525
2.03772
2.03833
2.03813
2.03846
2.04043
2.04437
2.04981
2.0558
2.0614
2.06606
2.06964
2.07238
2.07462
2.07668
2.07866
2.08045
2.08174
2.08218
2.08147
2.07942
2.07604
2.07154
2.06632
2.06091
2.05588
2.05169
2.04853
2.04635
2.04488
2.04383
2.04296
2.04221
2.04167
2.04152
2.04196
2.04316
2.04521
2.04804
2.0515
2.05531
2.05917
2.06278
2.0659
2.06837
2.07007
2.07099
2.0711
2.07043
2.06902
2.06694
2.06425
2.06105
2.05744
2.05355
2.04954
2.04555
2.04173
2.03819
2.03499
2.03216
2.02966
2.02741
2.02533
2.02336
2.02147
2.0197
2.01816
2.017
2.01639
2.01642
2.01712
2.01842
2.02016
2.02213
2.02413
2.02599
2.0276
2.02889
2.02987
2.03055
2.03099
2.03126
2.03141
2.03151
2.03162
2.03179
2.03205
2.03244
2.03297
2.03367
2.03452
2.03553
2.03668
2.03795
2.03929
2.04068
2.04207
2.04339
2.0446
2.04562
2.04636
2.04677
2.04678
2.04634
2.04547
2.04424
2.04283
2.04148
2.04049
2.04015
2.04063
2.04192
2.04381
2.04599
2.04806
2.04965
2.05049
2.05038
2.0492
2.04686
2.04331
2.03859
2.03292
2.02692
2.02171
2.01874
2.01934
2.02404
2.03225
2.04252
2.05323
2.06314
2.07154
2.07818
2.08308
2.0864
2.08835
2.08913
2.08895
2.08805
2.08663
2.08493
2.08316
2.08148
2.07997
2.07858
2.07715
2.0754
2.07294
2.06935
2.06412
2.0568
2.04698
2.03452
2.01984
2.00423
1.99009
1.98043
1.9776
1.98203
1.99202
2.0049
2.01832
2.03081
2.04175
2.05098
2.05859
2.06473
2.06955
2.07318
2.07569
2.07716
2.07764
2.07715
2.07571
2.07336
2.07014
2.0661
2.06136
2.05609
2.05052
2.04496
2.03982
2.0355
2.03239
2.03074
2.03062
2.0319
2.03427
2.03734
2.04071
2.04406
2.04716
2.04985
2.05204
2.05368
2.0547
2.05506
2.05472
2.05367
2.052
2.04987
2.0476
2.04559
2.04425
2.0439
2.04463
2.04628
2.04846
2.05072
2.05265
2.054
2.05471
2.05487
2.05471
2.0545
2.05457
2.05519
2.05657
2.0588
2.06182
2.06544
2.06937
2.07327
2.07682
2.07975
2.08189
2.0831
2.08333
2.08252
2.08068
2.07783
2.07403
2.06939
2.06411
2.05846
2.05276
2.04739
2.04274
2.03911
2.0367
2.03551
2.03537
2.03595
2.0369
2.03794
2.03892
2.03985
2.04081
2.04192
2.04325
2.04484
2.04663
2.04854
2.05046
2.05235
2.05422
2.05617
2.05837
2.06098
2.06407
2.06756
2.07122
2.07468
2.07751
2.07931
2.07976
2.07871
2.07626
2.07278
2.06896
2.06571
2.0639
2.06403
2.06606
2.0694
2.07323
2.07679
2.07955
2.08127
2.08196
2.08172
2.08076
2.07925
2.07737
2.07526
2.07303
2.07075
2.0685
2.06636
2.06439
2.06269
2.06134
2.0604
2.05996
2.06004
2.06065
2.06179
2.0634
2.06541
2.06771
2.07015
2.07253
2.07464
2.07627
2.07721
2.07729
2.07641
2.07456
2.0718
2.06835
2.06455
2.06089
2.05793
2.05614
2.05573
2.05653
2.05802
2.05952
2.06044
2.0604
2.05934
2.05745
2.05501
2.05237
2.04979
2.04747
2.04554
2.0441
2.04323
2.04293
2.04316
2.04377
2.04453
2.04517
2.04541
2.04506
2.04405
2.0425
2.04067
2.03893
2.0377
2.03734
2.03803
2.03977
2.04237
2.04548
2.04872
2.05173
2.05423
2.05605
2.0571
2.0574
2.05701
2.056
2.05446
2.05247
2.0501
2.04744
2.04461
2.04175
2.03905
2.03671
2.03496
2.034
2.03399
2.03498
2.03693
2.03966
2.04292
2.0464
2.04977
2.05274
2.05508
2.05662
2.05726
2.05695
2.05575
2.05375
2.05112
2.04812
2.04502
2.04208
2.03949
2.03734
2.03556
2.03394
2.03221
2.03017
2.02775
2.0252
2.02305
2.022
2.02267
2.02524
2.02933
2.03415
2.03878
2.04247
2.04476
2.04552
2.04483
2.04295
2.04024
2.03707
2.03379
2.03068
2.02789
2.02544
2.02327
2.02133
2.01963
2.01827
2.01745
2.01737
2.01819
2.0199
2.02235
2.02524
2.02822
2.031
2.03334
2.03514
2.03638
2.03717
2.03765
2.038
2.03839
2.03896
2.03975
2.04073
2.0418
2.04279
2.04349
2.04369
2.04322
2.0419
2.03963
2.03636
2.03216
2.02725
2.02201
2.01699
2.01279
2.00992
2.00864
2.00886
2.01028
2.01251
2.01525
2.01836
2.0218
2.02557
2.02965
2.03394
2.03829
2.04253
2.0465
2.05004
2.05304
2.05539
2.05698
2.05768
2.05739
2.05598
2.05341
2.04973
2.04515
2.04011
2.03521
2.0311
2.02831
2.02702
2.02705
2.02793
2.0291
2.03014
2.03083
2.03115
2.03121
2.03121
2.03134
2.03175
2.03252
2.03367
2.03517
2.03691
2.03878
2.04065
2.04241
2.04395
2.04523
2.04622
2.04693
2.0474
2.04769
2.04789
2.04806
2.0483
2.04864
2.04913
2.04977
2.05057
2.0515
2.05252
2.05358
2.05465
2.05567
2.0566
2.05738
2.05799
2.05835
2.05843
2.05818
2.05755
2.05649
2.05498
2.05301
2.0506
2.04781
