0.0511208
0.0510098
0.0509011
0.050791
0.0506801
0.0505689
0.0504567
0.0503464
0.050238
0.0501335
0.050032
0.0499347
0.0498456
0.0497659
0.0496981
0.049645
0.0496114
0.0496015
0.04962
0.0496761
0.0497775
0.0499331
0.0501552
0.050456
0.0508481
0.0513457
0.0519579
0.0526905
0.053542
0.0544983
0.0555315
0.056604
0.0576684
0.0586816
0.0596215
0.0604854
0.0613012
0.062104
0.0629221
0.0637556
0.0645613
0.0652516
0.0657167
0.0658463
0.0655735
0.0648958
0.0638752
0.0626254
0.0612745
0.0599367
0.0586939
0.0575953
0.0566534
0.0558613
0.0551987
0.0546424
0.0541695
0.0537669
0.053427
0.053153
0.0529563
0.0528574
0.052879
0.0530471
0.0533899
0.0539331
0.0546986
0.0557081
0.0569759
0.0585096
0.0603051
0.0623466
0.0646026
0.0670231
0.0695426
0.0720815
0.0745474
0.0768422
0.0788652
0.0805211
0.0817225
0.0823997
0.0825051
0.0820188
0.0809607
0.0793865
0.0773876
0.0750845
0.072624
0.0701701
0.0678973
0.0659857
0.0646018
0.0638847
0.063897
0.0645559
0.0655567
0.0663654
0.0663876
0.065285
0.0631936
0.0606112
0.0580874
0.0559944
0.0544808
0.0535475
0.0531312
0.0531519
0.0535425
0.0542514
0.0552378
0.0564632
0.0578742
0.059397
0.0609167
0.0622781
0.0633032
0.0638308
0.06377
0.0631398
0.0620709
0.0607609
0.0594069
0.0581653
0.0571288
0.0563344
0.0557768
0.0554269
0.0552442
0.0551861
0.0552177
0.0553082
0.0554447
0.0556174
0.0558301
0.0560883
0.0564001
0.0567677
0.057192
0.0576637
0.0581707
0.0586965
0.0592262
0.0597515
0.0602751
0.0608097
0.0613778
0.0619986
0.0626727
0.063359
0.0639645
0.0643474
0.0643555
0.0638822
0.062916
0.061551
0.0599449
0.0582675
0.0566533
0.0551896
0.0539211
0.0528652
0.0520271
0.0514046
0.0509926
0.050781
0.0507566
0.0508962
0.0511697
0.0515386
0.0519621
0.0523956
0.0528058
0.0531617
0.0534462
0.0536552
0.0538032
0.0539282
0.0541007
0.0544224
0.0550229
0.0560445
0.0576117
0.0597951
0.0625398
0.0655908
0.0684501
0.0704763
0.0711446
0.0703438
0.0684368
0.0660284
0.0636878
0.0617955
0.060549
0.0600123
0.0601511
0.0608485
0.0618954
0.0630159
0.0639274
0.0644372
0.0645122
0.0642759
0.063927
0.0636387
0.0635177
0.0635914
0.0638425
0.0642388
0.0647557
0.0653914
0.0661626
0.0671039
0.0682492
0.0696239
0.0712356
0.0730588
0.0750379
0.0770814
0.0790641
0.0808431
0.082277
0.0832559
0.083723
0.0836795
0.0831806
0.082312
0.0811645
0.0798107
0.0783077
0.0767049
0.0750628
0.0734604
0.071996
0.0707689
0.0698619
0.0693291
0.0691966
0.069472
0.0701674
0.0713116
0.0729285
0.0749157
0.076866
0.0779844
0.0773933
0.0747706
0.0706741
0.0661245
0.061966
0.0586043
0.0560945
0.0543297
0.0531604
0.05245
0.0520853
0.0519746
0.052043
0.0522268
0.0524748
0.0527488
0.0530261
0.0533037
0.0535907
0.0539121
0.0543012
0.054793
0.0554197
0.0562054
0.0571606
0.0582796
0.0595363
0.0608818
0.0622486
0.0635526
0.0647063
0.0656235
0.0662401
0.0665268
0.0664921
0.066182
0.0656671
0.065028
0.0643325
0.0636334
0.0629655
0.0623391
0.0617527
0.0611915
0.0606365
0.0600654
0.0594536
0.0587858
0.0580535
0.0572592
0.056412
0.055529
0.0546338
0.0537469
0.0528869
0.0520693
0.0513052
0.0506028
0.0499642
0.0493894
0.0488773
0.0484257
0.0480302
0.0476895
0.0473973
0.0471516
0.046949
0.0467854
0.0466578
0.0465639
0.0465009
0.046466
0.0464592
0.0464775
0.0465208
0.0465876
0.0466755
0.0467846
0.0469171
0.0470732
0.0472553
0.0474687
0.0477152
0.0480033
0.0483394
0.0487318
0.0491895
0.0497225
0.0503364
0.0510379
0.0518266
0.052694
0.053625
0.0545913
0.0555567
0.0564806
0.0573216
0.05805
0.0586501
0.0591227
0.0594836
0.0597532
0.0599498
0.0600807
0.0601411
0.0601149
0.0599781
0.0597049
0.0592734
0.0586714
0.057901
0.0569797
0.0559407
0.0548271
0.0536871
0.0525702
0.0515212
0.0505742
0.0497591
0.049095
0.0485972
0.0482737
0.048133
0.0481784
0.0484144
0.0488376
0.0494418
0.0502127
0.051126
0.0521446
0.053219
0.0542922
0.0553028
0.0561969
0.0569346
0.0574919
0.0578695
0.0580874
0.0581842
0.0582088
0.058212
0.0582342
0.0583085
0.0584539
0.0586769
0.0589878
0.0593927
0.0599072
0.0605407
0.0613003
0.0621804
0.063159
0.064201
0.0652566
0.0662677
0.0671863
0.0679764
0.0686234
0.0691332
0.0695271
0.0698282
0.0700531
0.0702073
0.0702842
0.0702735
0.0701689
0.0699724
0.0697059
0.0693982
0.0690826
0.0687808
0.068502
0.0682399
0.0679762
0.0676913
0.0673762
0.0670303
0.0666655
0.0662867
0.0658841
0.0654246
0.0648581
0.0641324
0.0632117
0.0620859
0.0607792
0.0593456
0.0578581
0.0563914
0.0550127
0.0537702
0.0526902
0.0517831
0.0510394
0.0504441
0.0499735
0.0496079
0.0493253
0.0491109
0.0489558
0.0488577
0.0488218
0.0488568
0.048978
0.0492026
0.0495542
0.0500529
0.0507231
0.0515867
0.0526562
0.0539398
0.0554156
0.0570361
0.0587124
0.0603226
0.0617351
0.0628467
0.0636308
0.0641573
0.0645822
0.0651004
0.0658935
0.0670895
0.0687297
0.0707454
0.0729511
0.0750579
0.0767372
0.0777162
0.0778932
0.0773965
0.0765269
0.0756351
0.0749887
0.0746951
0.0746826
0.0747432
0.074621
0.0741254
0.0732108
0.0719867
0.0706429
0.0693583
0.0682425
0.0673194
0.0665498
0.0658732
0.0652416
0.0646425
0.0641063
0.0636943
0.0634766
0.0635073
0.063814
0.064385
0.0651673
0.0660685
0.0669745
0.0677663
0.068353
0.0686913
0.0687939
0.0687091
0.0684907
0.0681805
0.0677899
0.0673014
0.0666832
0.0659004
0.0649272
0.0637572
0.0624092
0.0609277
0.0593767
0.0578239
0.0563393
0.0549776
0.0537809
0.0527756
0.0519763
0.0513889
0.0510105
0.0508357
0.0508496
0.0510355
0.0513717
0.0518282
0.0523753
0.0529743
0.0535901
0.0541866
0.0547353
0.0552193
0.055632
0.0559743
0.056257
0.056494
0.0566919
0.0568518
0.0569611
0.0569956
0.0569247
0.0567192
0.0563617
0.0558498
0.0552051
0.0544633
0.0536706
0.0528727
0.0521077
0.0514014
0.0507708
0.0502199
0.0497463
0.0493417
0.0489975
0.0487013
0.0484429
0.0482113
0.0479968
0.0477937
0.0475953
0.0474
0.0472051
0.0470147
0.0468297
0.0466558
0.0465012
0.0463727
0.0462808
0.0462392
0.0462587
0.0463543
0.0465404
0.0468318
0.0472417
0.0477799
0.0484495
0.0492428
0.0501355
0.051086
0.0520369
0.0529246
0.0536913
0.0543044
0.054766
0.0551161
0.0554215
0.0557595
0.0561971
0.0567878
0.0575647
0.058545
0.0597374
0.0611366
0.0627169
0.064404
0.0660509
0.067416
0.0682058
0.0681765
0.0672548
0.0655851
0.0634691
0.0612326
0.0591293
0.0573102
0.0558417
0.054733
0.0539671
0.0535124
0.0533336
0.0533913
0.0536425
0.0540416
0.054539
0.0550936
0.0556725
0.0562622
0.0568704
0.057533
0.0583051
0.0592591
0.0604814
0.0620571
0.0640651
0.0665566
0.0695221
0.0728336
0.0761819
0.0790602
0.0808782
0.0812094
0.0800243
0.0776803
0.0747024
0.071548
0.0685106
0.0657322
0.0632654
0.0611166
0.0592768
0.0577316
0.0564721
0.0554878
0.0547725
0.0543198
0.0541265
0.0541856
0.0544869
0.055018
0.055757
0.0566714
0.0577171
0.0588342
0.0599463
0.0609647
0.0618
0.0623722
0.0626301
0.0625613
0.0621993
0.0616086
0.0608731
0.060075
0.0592854
0.0585558
0.0579238
0.0574146
0.0570436
0.0568259
0.056772
0.0568879
0.0571688
0.0575937
0.0581168
0.0586715
0.0591702
0.0595302
0.059693
0.0596458
0.0594279
0.0591155
0.0588005
0.0585612
0.0584435
0.0584588
0.0585842
0.0587722
0.0589627
0.0590911
0.0591016
0.0589553
0.0586367
0.0581637
0.057579
0.0569472
0.0563402
0.0558263
0.0554636
0.0552917
0.0553409
0.0556238
0.0561478
0.0569108
0.0579041
0.0591066
0.0604822
0.0619813
0.0635382
0.0650727
0.066499
0.0677321
0.0687064
0.0693814
0.069755
0.069863
0.0697737
0.0695519
0.0692546
0.0689098
0.0685202
0.0680729
0.0675491
0.066939
0.0662456
0.0654824
0.0646731
0.0638396
0.0629968
0.0621435
0.0612638
0.0603301
0.0593243
0.0582404
0.0571063
0.0559807
0.0549439
0.054086
0.0534892
0.0532127
0.0532783
0.053661
0.0542716
0.0549613
0.0555482
0.0558657
0.0558232
0.0554418
0.0548415
0.0541846
0.053618
0.0532421
0.0531015
0.0531979
0.0535059
0.053985
0.0545953
0.0552956
0.0560542
0.0568433
0.0576384
0.0584171
0.0591571
0.0598392
0.0604394
0.0609374
0.0613143
0.061557
0.0616569
0.0616136
0.0614324
0.0611273
0.0607197
0.0602382
0.0597216
0.0592147
0.0587643
0.0584224
0.0582321
0.0582287
0.0584305
0.0588408
0.0594374
0.0601731
0.0609713
0.0617314
0.0623432
0.06272
0.0628295
0.0627176
0.0624917
0.0622859
0.0622186
0.0623541
0.0627013
0.0632234
0.0638547
0.0645297
0.065188
0.0657848
0.06629
0.0666768
0.0669306
0.0670452
0.0670325
0.0669248
0.0667665
0.0666162
0.0665252
0.0665289
0.0666346
0.0668164
0.0670147
0.0671524
0.0671468
0.0669317
0.0664759
0.0657851
0.0649055
0.0639099
0.0628807
0.0618958
0.0610167
0.0602808
0.0597087
0.0593029
0.0590542
0.0589475
0.0589662
0.0590937
0.0593089
0.059589
0.0599052
0.0602231
0.0604985
0.0606843
0.060734
0.0606048
0.0602687
0.0597192
0.0589709
0.0580654
0.057063
0.0560328
0.0550474
0.0541697
0.0534521
0.0529337
0.0526368
0.0525688
0.0527193
0.0530627
0.0535603
0.0541548
0.0547888
0.0554034
0.0559565
0.0564304
0.0568357
0.0572069
0.0575888
0.0580139
0.0584795
0.058925
0.0592393
0.0592843
0.0589534
0.0582284
0.0572018
0.0560406
0.0549301
0.0540203
0.0534045
0.053113
0.0531294
0.0534032
0.0538618
0.0544278
0.0550289
0.055607
0.0561313
0.0565915
0.0569905
0.0573357
0.0576184
0.0578137
0.0578821
0.0577851
0.0574988
0.0570322
0.0564245
0.0557392
0.0550497
0.0544193
0.0538948
0.0535006
0.0532402
0.0530957
0.0530384
0.0530334
0.0530485
0.0530604
0.0530602
0.0530569
0.0530729
0.0531445
0.0533114
0.0536128
0.0540841
0.054753
0.055633
0.0567225
0.0579964
0.0593946
0.060828
0.0621736
0.0633011
0.0641116
0.0645556
0.0646526
0.0644644
0.0640661
0.0635153
0.0628496
0.0620817
0.0612219
0.0602873
0.0593112
0.0583325
0.0573939
0.0565379
0.0557997
0.0552125
0.0548046
0.0546012
0.0546297
0.0549118
0.0554643
0.0562899
0.0573634
0.0586277
0.059982
0.0612952
0.0624297
0.0632803
0.0638138
0.0640689
0.0641383
0.064122
0.0641022
0.0641173
0.0641703
0.0642364
0.064281
0.0642667
0.0641661
0.0639639
0.0636582
0.0632599
0.0627899
0.0622755
0.0617455
0.0612258
0.0607372
0.0602922
0.059897
0.0595496
0.0592428
0.0589659
0.0587027
0.0584368
0.0581558
0.0578477
0.0575056
0.0571284
0.0567204
0.0562866
0.0558367
0.0553816
0.0549339
0.0545051
0.0541081
0.0537543
0.0534561
0.0532253
0.0530723
0.0530097
0.0530471
0.053191
0.0534475
0.0538125
0.0542791
0.0548287
