-0.0924034
-0.0944886
-0.0966399
-0.0988641
-0.101163
-0.103537
-0.105998
-0.108528
-0.111134
-0.113807
-0.116569
-0.119418
-0.122335
-0.12532
-0.128373
-0.131488
-0.134645
-0.137836
-0.141049
-0.144235
-0.147368
-0.150411
-0.153302
-0.155983
-0.158392
-0.160441
-0.162083
-0.163267
-0.163974
-0.164247
-0.164198
-0.163975
-0.163792
-0.163844
-0.164203
-0.164863
-0.165633
-0.166298
-0.166671
-0.166701
-0.166569
-0.1667
-0.167628
-0.169929
-0.173949
-0.17972
-0.186967
-0.195142
-0.203641
-0.21194
-0.219682
-0.226664
-0.232888
-0.238437
-0.243457
-0.248097
-0.252506
-0.256763
-0.260936
-0.265027
-0.269003
-0.272771
-0.276237
-0.279285
-0.281778
-0.28359
-0.284617
-0.284728
-0.283826
-0.281833
-0.278722
-0.274505
-0.26926
-0.263158
-0.256429
-0.249364
-0.242326
-0.235702
-0.229908
-0.225333
-0.222356
-0.221275
-0.22231
-0.225584
-0.231026
-0.238423
-0.247399
-0.257459
-0.267976
-0.278246
-0.287507
-0.294939
-0.299769
-0.301297
-0.299164
-0.293713
-0.286429
-0.28003
-0.27763
-0.281054
-0.289621
-0.300748
-0.311603
-0.32032
-0.326251
-0.329494
-0.330438
-0.329528
-0.327099
-0.323375
-0.318508
-0.312608
-0.305868
-0.298552
-0.291152
-0.284385
-0.279105
-0.276106
-0.275852
-0.278268
-0.282714
-0.28821
-0.29381
-0.298772
-0.302693
-0.305444
-0.307106
-0.307865
-0.307949
-0.307589
-0.306958
-0.30622
-0.305415
-0.304595
-0.303714
-0.302734
-0.301595
-0.300277
-0.298751
-0.297054
-0.295223
-0.293326
-0.291422
-0.289536
-0.28763
-0.285622
-0.283362
-0.280711
-0.277613
-0.274234
-0.271005
-0.268636
-0.267903
-0.269373
-0.273139
-0.27875
-0.285445
-0.292401
-0.299001
-0.304872
-0.309866
-0.313967
-0.317196
-0.319607
-0.321251
-0.322197
-0.322507
-0.322297
-0.321708
-0.320921
-0.320117
-0.319523
-0.319272
-0.319526
-0.320368
-0.321827
-0.32384
-0.326238
-0.328678
-0.330656
-0.331507
-0.330463
-0.326825
-0.320094
-0.310381
-0.298811
-0.287817
-0.280648
-0.280043
-0.286624
-0.298529
-0.312682
-0.326225
-0.337341
-0.345157
-0.349448
-0.350452
-0.348761
-0.345429
-0.341838
-0.339416
-0.339138
-0.341157
-0.344809
-0.349041
-0.352974
-0.356068
-0.358227
-0.359572
-0.360292
-0.360539
-0.360319
-0.359549
-0.358019
-0.355529
-0.35191
-0.347059
-0.341057
-0.334107
-0.326587
-0.319059
-0.312178
-0.306616
-0.302886
-0.30124
-0.301662
-0.30387
-0.307442
-0.311946
-0.317073
-0.322604
-0.328373
-0.334153
-0.339633
-0.344374
-0.347935
-0.349946
-0.350172
-0.348494
-0.344867
-0.339187
-0.331215
-0.320649
-0.307796
-0.294559
-0.284999
-0.283793
-0.292795
-0.309177
-0.327656
-0.343948
-0.356135
-0.364163
-0.368761
-0.370812
-0.371062
-0.370096
-0.368361
-0.366203
-0.363907
-0.361692
-0.359716
-0.358064
-0.356712
-0.355598
-0.35457
-0.353431
-0.351983
-0.35003
-0.347416
-0.344045
-0.339894
-0.335031
-0.329648
-0.324014
-0.318497
-0.313473
-0.309343
-0.306399
-0.304763
-0.304392
-0.305057
-0.306416
-0.308075
-0.30973
-0.311145
-0.312165
-0.312779
-0.313016
-0.31298
-0.312776
-0.312527
-0.312384
-0.312433
-0.312731
-0.313274
-0.314043
-0.314972
-0.315951
-0.316901
-0.317755
-0.318457
-0.31897
-0.319265
-0.319353
-0.319251
-0.318977
-0.318546
-0.317997
-0.317328
-0.316586
-0.315779
-0.314921
-0.31404
-0.31315
-0.312262
-0.311389
-0.310547
-0.309726
-0.308946
-0.308199
-0.307493
-0.306848
-0.306263
-0.305716
-0.305213
-0.30474
-0.304264
-0.303786
-0.303255
-0.302638
-0.301889
-0.300959
-0.299779
-0.298318
-0.296514
-0.294346
-0.291834
-0.289015
-0.286004
-0.282949
-0.280016
-0.27739
-0.275187
-0.273462
-0.272192
-0.271275
-0.270592
-0.270035
-0.269561
-0.26919
-0.269002
-0.269128
-0.269706
-0.270866
-0.272694
-0.275209
-0.278359
-0.282016
-0.286009
-0.290149
-0.294234
-0.298083
-0.301584
-0.304624
-0.307153
-0.309122
-0.310524
-0.31133
-0.311533
-0.311103
-0.310057
-0.308405
-0.306195
-0.303509
-0.300496
-0.297368
-0.29437
-0.291779
-0.289834
-0.288701
-0.288492
-0.289191
-0.290695
-0.292813
-0.295304
-0.297919
-0.300483
-0.302833
-0.304887
-0.306645
-0.308049
-0.309083
-0.309649
-0.309693
-0.309156
-0.308036
-0.306417
-0.304427
-0.302278
-0.300246
-0.29853
-0.297289
-0.29657
-0.296324
-0.296418
-0.296724
-0.297151
-0.297669
-0.298318
-0.299158
-0.300233
-0.301565
-0.303043
-0.304534
-0.30587
-0.30695
-0.30773
-0.308233
-0.308556
-0.3088
-0.308999
-0.309166
-0.309223
-0.309146
-0.308987
-0.30893
-0.309255
-0.31026
-0.312154
-0.315037
-0.318828
-0.323295
-0.328108
-0.332936
-0.337478
-0.341528
-0.344999
-0.347858
-0.350191
-0.352081
-0.353672
-0.355056
-0.356357
-0.35765
-0.358981
-0.360361
-0.361761
-0.36314
-0.36442
-0.365518
-0.366298
-0.366664
-0.366469
-0.365575
-0.363892
-0.36131
-0.357896
-0.35382
-0.349474
-0.345431
-0.342324
-0.340673
-0.340612
-0.341796
-0.343427
-0.344515
-0.344138
-0.341623
-0.33673
-0.32977
-0.321646
-0.31381
-0.307923
-0.305394
-0.306763
-0.311343
-0.317563
-0.323578
-0.327992
-0.330243
-0.330714
-0.330504
-0.330971
-0.333134
-0.337264
-0.342802
-0.348786
-0.354317
-0.358861
-0.36234
-0.365015
-0.367233
-0.369278
-0.371244
-0.372993
-0.374215
-0.374543
-0.373697
-0.371508
-0.368001
-0.363403
-0.358144
-0.35275
-0.347791
-0.343691
-0.340643
-0.338544
-0.337123
-0.336101
-0.335249
-0.334513
-0.334007
-0.333908
-0.33442
-0.335702
-0.337825
-0.340733
-0.34424
-0.34806
-0.35191
-0.355474
-0.358532
-0.360918
-0.362546
-0.363376
-0.363405
-0.362664
-0.361179
-0.35903
-0.356284
-0.353025
-0.349388
-0.345472
-0.341454
-0.337466
-0.333665
-0.330166
-0.327017
-0.324217
-0.321748
-0.319526
-0.317454
-0.315491
-0.313607
-0.311855
-0.31035
-0.309244
-0.30869
-0.308778
-0.309548
-0.310899
-0.312678
-0.314671
-0.31667
-0.318512
-0.320097
-0.321358
-0.322303
-0.322961
-0.323395
-0.323649
-0.323799
-0.323898
-0.324006
-0.324182
-0.32445
-0.324856
-0.325405
-0.326125
-0.32699
-0.328015
-0.329178
-0.330444
-0.331799
-0.333199
-0.334577
-0.335898
-0.337088
-0.338083
-0.338804
-0.33918
-0.339148
-0.338672
-0.33776
-0.336506
-0.335091
-0.333774
-0.332847
-0.332586
-0.333141
-0.334497
-0.336443
-0.338632
-0.340661
-0.342192
-0.342939
-0.342723
-0.341434
-0.338973
-0.335306
-0.330469
-0.324745
-0.318769
-0.313714
-0.311053
-0.312058
-0.317148
-0.325638
-0.336025
-0.346708
-0.35649
-0.36472
-0.371168
-0.375896
-0.379063
-0.380886
-0.381567
-0.381316
-0.380349
-0.378885
-0.377176
-0.375409
-0.373744
-0.37224
-0.37086
-0.369406
-0.367601
-0.365067
-0.361328
-0.355913
-0.348346
-0.338262
-0.325555
-0.310704
-0.29512
-0.281294
-0.272228
-0.270154
-0.275237
-0.285638
-0.298668
-0.312054
-0.324413
-0.335183
-0.344245
-0.351702
-0.357705
-0.362415
-0.365922
-0.36833
-0.369697
-0.370077
-0.369482
-0.367947
-0.36551
-0.362197
-0.358084
-0.353289
-0.347977
-0.34239
-0.336858
-0.331781
-0.32756
-0.324576
-0.32307
-0.323106
-0.324508
-0.326967
-0.330079
-0.333464
-0.336797
-0.339867
-0.342516
-0.344651
-0.346231
-0.347191
-0.347486
-0.347076
-0.345966
-0.34423
-0.342074
-0.339801
-0.337841
-0.336597
-0.336361
-0.337198
-0.338909
-0.341121
-0.343364
-0.345244
-0.346534
-0.347178
-0.347287
-0.347099
-0.346901
-0.347014
-0.347705
-0.349167
-0.351488
-0.354576
-0.358244
-0.362183
-0.36606
-0.369562
-0.372421
-0.374476
-0.375582
-0.375702
-0.374796
-0.372864
-0.369914
-0.366016
-0.361309
-0.355981
-0.350301
-0.344614
-0.339296
-0.33474
-0.331226
-0.328934
-0.327862
-0.327824
-0.328446
-0.329423
-0.330461
-0.331438
-0.332362
-0.333322
-0.334448
-0.335815
-0.337423
-0.339236
-0.341148
-0.343072
-0.344951
-0.346821
-0.348788
-0.351041
-0.353691
-0.35683
-0.360352
-0.364002
-0.367411
-0.37015
-0.37182
-0.372124
-0.370941
-0.368361
-0.364807
-0.361008
-0.357868
-0.356231
-0.356562
-0.358757
-0.362189
-0.366024
-0.369525
-0.372193
-0.373818
-0.374403
-0.374075
-0.373041
-0.371474
-0.369568
-0.367439
-0.36519
-0.362906
-0.360662
-0.358542
-0.356593
-0.35492
-0.353599
-0.352714
-0.352316
-0.352447
-0.353113
-0.354302
-0.35596
-0.358005
-0.360327
-0.362762
-0.365117
-0.367202
-0.36877
-0.369634
-0.369624
-0.368661
-0.366711
-0.363877
-0.360372
-0.356564
-0.352948
-0.350086
-0.348424
-0.34815
-0.349038
-0.350557
-0.352031
-0.352855
-0.352714
-0.351568
-0.349597
-0.347133
-0.344479
-0.341917
-0.339643
-0.33776
-0.336385
-0.335563
-0.335322
-0.3356
-0.336229
-0.337002
-0.337613
-0.337803
-0.337388
-0.336317
-0.334712
-0.332871
-0.331168
-0.330021
-0.329765
-0.330557
-0.332391
-0.335051
-0.338191
-0.341426
-0.344395
-0.346822
-0.348565
-0.349543
-0.349768
-0.349306
-0.348244
-0.346659
-0.344618
-0.342213
-0.339532
-0.336693
-0.333832
-0.331152
-0.328864
-0.327182
-0.326316
-0.32641
-0.3275
-0.329542
-0.33235
-0.335649
-0.339135
-0.342472
-0.345391
-0.347663
-0.349115
-0.349655
-0.34925
-0.347956
-0.34589
-0.343211
-0.340199
-0.3371
-0.33419
-0.331654
-0.329547
-0.32779
-0.326171
-0.324424
-0.322339
-0.319886
-0.317351
-0.315279
-0.314385
-0.315249
-0.318004
-0.322205
-0.327037
-0.331594
-0.335165
-0.337313
-0.337924
-0.33711
-0.335131
-0.332359
-0.329169
-0.3259
-0.322826
-0.320067
-0.317642
-0.31551
-0.313593
-0.311919
-0.310603
-0.309846
-0.309852
-0.310767
-0.31256
-0.31506
-0.31797
-0.320936
-0.323673
-0.325965
-0.327712
-0.328904
-0.329655
-0.330113
-0.330465
-0.330872
-0.331457
-0.332269
-0.333263
-0.334334
-0.335294
-0.335945
-0.336087
-0.335531
-0.334116
-0.33175
-0.328393
-0.324112
-0.319156
-0.3139
-0.308921
-0.304848
-0.302137
-0.301029
-0.301389
-0.302898
-0.305181
-0.307975
-0.311113
-0.314585
-0.318395
-0.322514
-0.326813
-0.331151
-0.335367
-0.339286
-0.342783
-0.345723
-0.347995
-0.349502
-0.350107
-0.349705
-0.348184
-0.345491
-0.34171
-0.337063
-0.332005
-0.327145
-0.323139
-0.320502
-0.319363
-0.319504
-0.320422
-0.321605
-0.322616
-0.32327
-0.323558
-0.323621
-0.323631
-0.323786
-0.324227
-0.325031
-0.326219
-0.327744
-0.329513
-0.331399
-0.333269
-0.335005
-0.336518
-0.337761
-0.338714
-0.3394
-0.339857
-0.340136
-0.340322
-0.340502
-0.340732
-0.34108
-0.341584
-0.342249
-0.343055
-0.343991
-0.345015
-0.346085
-0.347147
-0.34816
-0.349071
-0.34984
-0.350415
-0.350751
-0.350809
-0.350524
-0.34985
-0.348757
-0.347192
-0.345178
-0.34272
-0.339894
